# Time-averaged data for fix avg_out
# TimeStep v_n_ch4 v_n_co2 v_selectivity v_strain c_TempCO2
215000 19 14.6667 0.771889 8.07989e-17 318.932
220000 19.8 14.6667 0.741015 7.59424e-17 324.371
225000 19.2 14.6667 0.765028 9.95694e-17 316.81
230000 18 14.9333 0.829584 8.37747e-17 320.986
235000 17.8 15.3333 0.861825 -6.97414e-17 326.527
240000 17.4 15.8667 0.912366 -4.78338e-17 318.18
245000 15.6 16.1333 1.03493 -4.76081e-17 323.215
250000 15.2 16.6667 1.09715 -2.53946e-17 320.184
255000 14.6 16.6667 1.14278 1.21155e-16 318.014
260000 15.8 16.6667 1.05549 2.01364e-16 320.504
265000 16 16.6667 1.0416 -1.03119e-17 317.28
270000 16 16.6667 1.0416 -1.42717e-16 323.973
275000 16.2 16.6667 1.02935 6.95575e-17 319.144
280000 17.4 16.6667 0.95855 -5.86885e-17 322.285
285000 18.2 16.6667 0.916129 1.08561e-17 318.532
290000 19.8 16.6667 0.842063 4.01193e-17 323.842
295000 20.6 16.6667 0.809484 1.24652e-16 319.781
300000 20.2 16.6667 0.825356 -4.02222e-17 316.785
305000 20.6 16.6667 0.809484 -3.97588e-17 321.338
310000 21 16.6667 0.793613 3.40485e-18 314.181
315000 20 16.6667 0.833292 -7.36703e-17 317.948
320000 21.2 16.6667 0.78712 1.31614e-16 317.78
325000 21.2 16.6667 0.78712 5.43935e-17 319.019
330000 18.8 16.6667 0.887867 2.40462e-16 321.006
335000 18 16.6667 0.925874 1.42939e-17 315.808
340000 18 16.6667 0.925874 -2.56147e-17 329.633
345000 19 17.3333 0.912233 4.748e-17 321.317
350000 19 18.6667 0.982404 -1.45049e-16 321.534
355000 19.6 19.3333 0.986967 -6.80877e-17 322.1
360000 21.2 19.6 0.92518 1.12797e-16 321.826
365000 22 20.6667 0.939351 1.37115e-16 319.868
370000 22 20.6667 0.939351 -4.3071e-17 318.591
375000 22.4 20.6667 0.923015 8.35181e-17 321.374
380000 22.4 20.6667 0.923015 4.72119e-17 317.929
385000 21 21.0667 1.00313 6.43514e-17 323.513
390000 19.8 21.3333 1.07891 2.10144e-16 316.899
395000 17.4 21.3333 1.22694 1.46492e-17 317.091
400000 17.8 21.3333 1.19906 8.03274e-17 318.429
405000 19.6 21.3333 1.08907 8.42613e-17 326.539
410000 19.6 21.3333 1.08907 8.05171e-17 317.956
415000 19 21.3333 1.12275 -1.16275e-16 319.407
420000 19 21.3333 1.12275 -1.01521e-16 318.682
425000 20 21.3333 1.06661 6.1779e-17 315.982
430000 19.6 21.3333 1.08907 5.47931e-17 319.879
435000 20 21.3333 1.06661 -1.41818e-16 320.495
440000 19.2 21.6 1.12556 5.48065e-17 319.552
445000 19 22 1.15783 2.53959e-17 314.588
450000 19.4 22 1.13468 4.757e-17 316.779
455000 18.4 22 1.19643 -6.46335e-17 316.181
460000 18 22 1.22215 1.3465e-16 320.717
465000 19 22 1.15783 1.40883e-16 318.525
470000 19 22 1.15783 -7.25617e-17 319.468
475000 17.8 22.4 1.25919 -1.0927e-16 310.195
480000 16.6 22.6667 1.36658 1.56527e-16 321.294
485000 16 22.6667 1.41658 7.34536e-18 306.741
490000 16.8 22.6667 1.34992 6.52165e-17 314.108
495000 17.4 22.6667 1.30519 -2.38686e-16 321.392
500000 19 22.6667 1.19292 -7.19722e-17 315.852
505000 19 22.6667 1.19292 -1.81685e-17 317.83
510000 19.8 22.6667 1.14521 -2.51297e-17 323.781
515000 20.2 22.6667 1.12248 -6.10319e-17 317.619
520000 21 22.6667 1.07931 -7.94501e-17 318.848
525000 20.8 22.6667 1.09011 -7.01952e-18 312.333
530000 19.6 22.6667 1.15713 -1.01457e-16 318.923
535000 19 23.3333 1.22801 -1.45926e-16 312.07
540000 19 23.3333 1.22801 1.05064e-16 317.592
545000 19 23.3333 1.22801 -2.31861e-16 320.301
550000 19 23.3333 1.22801 5.77608e-17 320.182
555000 17 23.3333 1.37247 3.24161e-17 320.097
560000 17 23.3333 1.37247 -5.05324e-17 318.308
565000 17 23.3333 1.37247 8.6478e-17 319.719
570000 16.6 23.3333 1.40678 -1.41199e-16 319.075
575000 18 23.4667 1.30363 1.48142e-16 321.283
580000 17.2 24 1.396 2.52612e-17 318.382
585000 17 24.4 1.43521 1.05331e-16 322.41
590000 17 24.6667 1.4509 -7.97185e-17 318.135
595000 17 24.6667 1.4509 -1.15576e-16 319.287
600000 17.4 24.6667 1.41865 1.81649e-16 314.863
605000 19.6 24.6667 1.25923 1.55632e-16 321.264
610000 20 25.2 1.26248 -4.94731e-17 322.615
615000 17.8 25.3333 1.42389 1.40822e-16 324.423
620000 17 25.3333 1.49011 1.91314e-16 315.096
625000 17 25.7333 1.51364 6.85966e-17 324.086
630000 17.4 26 1.49534 1.23329e-16 316.363
635000 17.2 26 1.51233 1.12676e-16 322.415
640000 17.2 26 1.51233 8.92916e-17 314.967
645000 17.6 26.6667 1.51625 2.60982e-17 317.638
650000 17.6 26.6667 1.51625 2.56441e-16 318.79
655000 17.2 26.6667 1.55111 -3.68162e-17 322.265
660000 18 26.6667 1.4814 -3.5816e-18 313.701
665000 18.6 26.6667 1.43462 5.85637e-17 319.701
670000 19.8 27.2 1.37397 8.31529e-17 312.897
675000 19.8 28 1.41467 8.64751e-17 315.204
680000 19.8 28 1.41467 -6.50927e-17 315.371
685000 20 28 1.39993 -1.11519e-16 324.173
690000 20.4 28 1.37327 3.21676e-17 311.18
695000 20.6 28.4 1.37898 6.44234e-17 318.031
700000 22.2 28.6667 1.29272 1.88096e-17 323.118
705000 24 28.6667 1.19439 8.63827e-17 316.272
710000 23.2 29.2 1.25912 8.63781e-17 320.53
715000 23.8 29.3333 1.2328 -1.04321e-16 320.336
720000 23 29.3333 1.27531 2.15788e-17 321.582
725000 22 29.3333 1.33327 -3.2387e-17 319.456
730000 22 29.3333 1.33327 2.82153e-19 317.187
735000 22 29.3333 1.33327 -1.68693e-16 315.148
740000 21.2 29.3333 1.38406 2.26433e-16 314.657
745000 21 29.3333 1.39676 1.12023e-16 317.134
750000 20.6 29.3333 1.42469 7.24081e-17 315.725
755000 19.6 29.3333 1.49747 -1.46042e-17 314.291
760000 20.4 29.3333 1.43866 -6.82897e-17 324.717
765000 18 29.3333 1.62954 7.94354e-17 317.576
770000 18 29.3333 1.62954 8.89069e-17 319.206
775000 18.4 29.3333 1.59523 -3.52679e-16 321.199
780000 18.8 29.3333 1.56093 -1.40073e-16 321.059
785000 19 30 1.57886 -1.04916e-16 312.949
790000 19.8 30 1.51571 8.59263e-17 322.001
795000 20 30 1.49993 1.35833e-17 318.806
800000 20 30 1.49993 -2.09661e-17 318.242
805000 20 30 1.49993 1.29093e-16 316.674
810000 19.6 30 1.5315 -1.04313e-16 317.302
815000 18 30 1.66657 -5.04981e-17 315.613
820000 17.6 30 1.70579 -1.07888e-16 321.556
825000 15.8 30 1.89988 3.23423e-17 318.844
830000 14.6 29.4667 2.02018 8.20218e-17 311.733
835000 16 30 1.87488 -2.14772e-17 315.557
840000 16 30 1.87488 -5.69424e-17 319.777
845000 16 30 1.87488 -4.63414e-17 316.496
850000 14.4 30.2667 2.10819 1.08156e-16 322.184
855000 14.2 30.6667 2.16112 2.90187e-17 322.137
860000 15.8 30.6667 1.9421 2.08034e-16 313.036
865000 16.2 30.6667 1.894 4.27457e-17 317.733
870000 16.2 30.6667 1.894 -2.91788e-17 321.2
875000 16 30.6667 1.91655 -1.77692e-17 315.82
880000 16.8 30.6667 1.82636 3.53443e-17 318.258
885000 17.6 30.8 1.7511 -1.28512e-16 316.037
890000 17.6 31.3333 1.7816 -6.8661e-17 317.763
895000 19 31.3333 1.64904 7.85571e-17 315.031
900000 17.8 31.3333 1.76328 2.8914e-17 317.452
905000 16.4 31.3333 1.91214 -3.16327e-17 316.749
910000 15.2 31.3333 2.06264 1.25481e-16 312.677
915000 15 31.3333 2.08875 -9.06824e-17 316.438
920000 14.6 31.3333 2.14842 -5.4295e-17 318.572
925000 13 31.3333 2.41007 -6.88558e-17 321.351
930000 13.8 31.3333 2.27236 -7.35099e-18 317.663
935000 14.6 31.3333 2.14842 1.87706e-16 317.453
940000 14.6 30.8 2.1116 -1.15076e-16 322.213
945000 15 31.0667 2.07097 -1.54626e-16 315.44
950000 15.4 31.8667 2.07098 -4.64984e-17 315.367
955000 14 32 2.28555 5.43995e-17 321.031
960000 13.2 32 2.42619 1.37045e-16 314.133
965000 13 32 2.46135 -2.88335e-17 319.891
970000 14.6 32 2.19882 -4.31068e-17 315.321
975000 15 31.6 2.11833 9.75632e-17 313.421
980000 15.8 31.3333 1.98739 8.9219e-17 319.495
985000 16 31.3333 1.95821 5.42135e-17 315.595
990000 16 31.3333 1.95821 3.50677e-17 316.94
995000 15.2 31.3333 2.06264 1.50874e-16 317.907
1000000 16 31.3333 1.95821 -1.76016e-16 318.802
1005000 16.2 31.3333 1.93517 3.56033e-17 315.93
1010000 17 31.3333 1.84303 -3.61512e-17 316.365
1015000 15.4 31.3333 2.03653 3.49119e-16 316.077
1020000 14.6 31.3333 2.14842 -1.83607e-16 315.179
1025000 14 31.3333 2.23794 2.26848e-16 315.257
1030000 14 31.3333 2.23794 -1.15018e-17 313.312
1035000 15 31.3333 2.08875 1.40657e-16 321.94
1040000 15 31.3333 2.08875 1.44773e-17 320.571
1045000 15 31.3333 2.08875 -3.53509e-18 318.989
1050000 16.6 31.3333 1.89217 1.26002e-16 312.815
1055000 16 31.3333 1.95821 3.25674e-17 313.6
1060000 14.8 31.3333 2.12232 -2.26064e-17 316.491
1065000 14 32 2.28555 8.63933e-17 312.908
1070000 14 32.5333 2.32364 -8.61512e-17 317.277
1075000 14.2 32.6667 2.30206 -9.06358e-17 314.89
1080000 14.2 32.9333 2.32111 4.98262e-17 314.265
1085000 14 33.3333 2.38078 3.60821e-17 317.035
1090000 14.8 32.8 2.21826 -1.62027e-20 315.798
1095000 14.4 32.6667 2.27095 6.48253e-17 318.65
1100000 15.2 32.6667 2.1543 -7.85768e-18 317.603
1105000 14.4 32.6667 2.27095 -8.00287e-17 315.1
1110000 14 32.6667 2.33317 -9.00831e-17 314.952
1115000 14 32.6667 2.33317 -7.14945e-17 316.679
1120000 14 32.9333 2.35221 1.39832e-16 316.855
1125000 15 33.3333 2.22207 -5.69821e-17 316.572
1130000 15 33.3333 2.22207 7.92664e-17 310.247
1135000 15.6 33.3333 2.13875 1.07813e-16 311.456
1140000 16 33.6 2.09987 5.68469e-17 314.299
1145000 15.8 34.1333 2.16209 -2.07138e-16 319.38
1150000 15 34.6667 2.31096 -3.9422e-18 318.123
1155000 15 34.6667 2.31096 -6.48838e-17 320.163
1160000 15.4 34.6667 2.25319 -4.6325e-17 312.415
1165000 16 34.6667 2.16653 6.14153e-17 320.255
1170000 16 34.6667 2.16653 1.36245e-16 313.775
1175000 17 34.6667 2.0391 7.10238e-17 318.296
1180000 17 34.6667 2.0391 -1.46934e-16 323.852
1185000 16.8 34.6667 2.06458 1.62851e-16 316.172
1190000 16 34.6667 2.16653 -1.01279e-16 315.923
1195000 16 34.6667 2.16653 4.54182e-17 314.265
1200000 16 34.6667 2.16653 -1.57747e-16 321.583
1205000 16.4 35.3333 2.15624 -6.43173e-17 316.422
1210000 16.8 35.3333 2.10429 -1.68231e-16 318.619
1215000 16.8 35.3333 2.10429 6.45339e-17 315.953
1220000 17.2 35.3333 2.0581 -1.68224e-16 311.486
1225000 16.6 35.3333 2.1395 -2.89074e-17 319.363
1230000 15.4 35.3333 2.29652 -1.08984e-17 315.596
1235000 14.4 35.3333 2.45634 -1.10014e-17 316.143
1240000 13.2 35.3333 2.67892 6.82686e-17 314.925
1245000 12.8 35.7333 2.79465 -1.29233e-16 317.598
1250000 12 36 2.99975 -1.18383e-16 313.634
1255000 12 36 2.99975 2.16981e-17 319.218
1260000 12 36 2.99975 1.78524e-17 319.372
1265000 12 36 2.99975 1.53238e-16 317.007
1270000 12 36 2.99975 9.37378e-17 313.483
1275000 11.4 36 3.16336 1.8412e-16 317.077
1280000 11 36 3.27243 9.32021e-17 315.406
1285000 10.4 36 3.46876 2.87605e-17 315.742
1290000 10 36.2667 3.6263 1.17854e-16 313.005
1295000 10.6 36.6667 3.46634 1.38313e-17 311.361
1300000 11 36.6667 3.33303 -1.78379e-17 317.717
1305000 10.4 36.6667 3.53299 6.07556e-17 319.644
1310000 10.4 36.6667 3.53299 1.55001e-16 320.923
1315000 10.8 36.6667 3.39968 1.57689e-16 320.121
1320000 8.8 36.6667 4.19581 -1.08149e-17 313.532
1325000 8.4 36.6667 4.39947 1.49358e-19 310.949
1330000 10 36.6667 3.6663 -5.35656e-17 316.438
1335000 10 36.6667 3.6663 3.83813e-18 318.341
1340000 10 36.6667 3.6663 -4.27053e-17 316.966
1345000 10.6 36.6667 3.46634 2.163e-17 316.06
1350000 10.6 36.1333 3.41543 -7.9099e-17 319.172
1355000 10 36 3.59964 -4.31196e-17 316.423
1360000 10 36 3.59964 -9.33899e-17 317.561
1365000 10.6 36 3.40331 -7.02766e-18 313.783
1370000 11 36 3.27243 -1.97803e-16 319.977
1375000 11 36 3.27243 -3.23873e-17 318.303
1380000 11 36 3.27243 6.86019e-17 313.523
1385000 10.8 36 3.33787 -1.79499e-16 320.59
1390000 10.8 36 3.33787 3.96269e-17 318.073
1395000 12 36 2.99975 3.57147e-17 313.307
1400000 12 36 2.99975 -7.82467e-17 317.295
1405000 12 36 2.99975 -5.40315e-17 323.046
1410000 11.6 36 3.10882 -1.40142e-16 317.308
1415000 11 36 3.27243 1.64484e-16 314.062
1420000 9 36 4.05408 1.19009e-16 315.655
1425000 8.2 36 4.39946 9.34659e-17 318.262
1430000 9 36 3.99956 -1.61258e-16 314.731
1435000 8.2 36.1333 4.41427 1.68125e-16 316.899
1440000 9.8 36.6667 3.74776 3.26601e-17 317.291
1445000 9.6 37.3333 3.89885 1.56926e-16 320.253
1450000 10 37.6 3.75962 9.31473e-17 313.857
1455000 10.4 38.6667 3.73741 -3.92813e-17 318.005
1460000 12 38.6667 3.22195 1.12159e-17 314.451
1465000 11 38.4 3.49059 2.45621e-17 318.009
1470000 10.6 38.6667 3.65541 -1.06615e-16 313.695
1475000 11 38.6667 3.51483 -1.35702e-16 315.53
1480000 11 38.6667 3.51483 -8.53675e-17 317.206
1485000 12.2 38.6667 3.17239 -1.09219e-17 320.296
1490000 11.8 38.6667 3.28954 -1.07562e-16 314.685
1495000 10.8 38.6667 3.59684 9.64407e-17 316.485
1500000 12.4 38.6667 3.12282 -8.96465e-17 316.465
1505000 12.8 38.6667 3.02369 -2.28686e-16 312.848
1510000 12 38.6667 3.22195 -1.07963e-17 318.443
1515000 12 39.0667 3.25528 1.451e-17 316.683
1520000 12 39.3333 3.2775 1.24683e-16 317.173
1525000 12.4 39.3333 3.17667 -5.35626e-17 316.904
1530000 12 39.3333 3.2775 1.68527e-16 319.952
1535000 12 39.3333 3.2775 -1.33292e-17 315.211
1540000 12.8 39.3333 3.07583 4.65956e-17 316.543
1545000 13 38.9333 2.99464 6.35153e-17 318.388
1550000 13.8 38.6667 2.80419 5.28304e-17 317.1
1555000 14 38.6667 2.76171 5.75313e-17 314.178
1560000 14.8 38.6667 2.61443 1.44702e-17 314.517
1565000 14 38.6667 2.76171 -4.23609e-17 315.787
1570000 14 38.6667 2.76171 -1.07197e-16 318.893
1575000 12.2 38.6667 3.17239 -5.3472e-17 317.798
1580000 12.2 38.6667 3.17239 2.51726e-17 316.996
1585000 10.8 38.6667 3.58512 -3.58583e-17 318.583
1590000 10.8 38.6667 3.58512 1.10565e-16 318.546
1595000 11.4 38.6667 3.39768 -8.91188e-17 320.803
1600000 10.6 38.9333 3.68208 1.43236e-17 317.976
1605000 9 39.3333 4.36988 8.9767e-17 316.033
1610000 9 39.3333 4.36988 -9.70186e-17 317.63
1615000 9.2 39.3333 4.2825 -3.59507e-17 318.47
1620000 9.2 39.3333 4.2825 -8.93711e-17 316.19
1625000 9 39.3333 4.36988 -2.89759e-18 318.456
1630000 9 39.3333 4.36988 -9.30075e-17 316.767
1635000 9 39.3333 4.36988 -1.03607e-16 318.307
1640000 9 39.3333 4.36988 -8.84551e-17 318.359
1645000 9.6 39.3333 4.10772 1.38734e-16 313.368
1650000 10 39.6 3.9596 5.66649e-17 318.313
1655000 10.2 40 3.92689 4.35031e-17 313.558
1660000 11 40 3.63603 -1.67073e-16 317.329
1665000 11 40 3.63603 3.23417e-17 313.633
1670000 11 40 3.63603 1.31656e-16 319.312
1675000 10.4 40 3.85417 -1.70869e-17 317.625
1680000 9.2 40 4.35508 2.81562e-17 312.201
1685000 9 40 4.44395 -1.49634e-16 313.268
1690000 9 40 4.44395 -1.13855e-16 316.312
1695000 9.2 40 4.35508 5.69156e-17 318.768
1700000 10 40 3.9996 2.46706e-17 316.396
1705000 11.2 40 3.57544 1.56501e-16 316.957
1710000 12.4 40 3.23051 -1.42248e-17 318.526
