# Time-averaged data for fix avg_qst
# TimeStep v_U_ch4 v_Nmol_ch4 v_UN_ch4 v_N2_ch4 v_U_co2 v_Nmol_co2 v_UN_co2 v_N2_co2
220000 -47.8508 19.4 -928.837 376.6 -89.6933 14.6667 -1315.5 215.111
230000 -45.1977 18.6 -842.105 346.6 -91.2132 14.8 -1350.45 219.111
240000 -42.7518 17.6 -753.034 310 -95.6443 15.6 -1492.75 243.467
250000 -38.3605 15.4 -591.094 237.4 -100.121 16.4 -1642.57 269.067
260000 -37.9411 15.2 -578.206 231.6 -102.902 16.6667 -1715.03 277.778
270000 -39.7376 16 -635.802 256 -102.609 16.6667 -1710.14 277.778
280000 -41.3703 16.8 -696.168 282.8 -102.436 16.6667 -1707.27 277.778
290000 -46.0111 19 -875.85 361.8 -103.156 16.6667 -1719.27 277.778
300000 -48.6047 20.4 -992.179 416.4 -103.008 16.6667 -1716.8 277.778
310000 -50.1485 20.8 -1043.47 432.8 -102.541 16.6667 -1709.02 277.778
320000 -49.0803 20.6 -1012.67 425 -102.675 16.6667 -1711.25 277.778
330000 -48.3953 20 -971.978 402 -101.645 16.6667 -1694.08 277.778
340000 -43.9918 18 -791.852 324 -103.035 16.6667 -1717.25 277.778
350000 -47.0166 19 -893.314 361 -111.399 18 -2008.76 324.711
360000 -50.1806 20.4 -1026.38 417.2 -120.425 19.4667 -2344.75 379.022
370000 -53.4006 22 -1174.81 484 -126.865 20.6667 -2621.88 427.111
380000 -54.1411 22.4 -1213.31 502 -126.531 20.6667 -2614.97 427.111
390000 -49.5431 20.4 -1012.02 416.8 -132.265 21.2 -2804.38 449.511
400000 -44.3698 17.6 -781.706 310 -132.446 21.3333 -2825.51 455.111
410000 -49.2169 19.6 -965.216 384.4 -132.639 21.3333 -2829.64 455.111
420000 -47.5419 19 -903.296 361 -132.46 21.3333 -2825.8 455.111
430000 -48.8887 19.8 -968.392 392.2 -132.928 21.3333 -2835.79 455.111
440000 -49.0161 19.6 -961.371 384.4 -132.465 21.4667 -2844.24 460.889
450000 -48.0285 19.2 -922.434 368.8 -137.022 22 -3014.49 484
460000 -45.6615 18.2 -831.523 331.4 -138.074 22 -3037.63 484
470000 -47.2903 19 -898.516 361 -137.855 22 -3032.81 484
480000 -43.2124 17.2 -744.499 296.4 -142.039 22.5333 -3200.79 507.822
490000 -41.1928 16.4 -676.079 269.2 -142.824 22.6667 -3237.34 513.778
500000 -45.1529 18.2 -823.554 332.2 -142.739 22.6667 -3235.43 513.778
510000 -47.2245 19.4 -916.706 376.6 -140.429 22.6667 -3183.05 513.778
520000 -50.3764 20.6 -1038.32 424.6 -141.913 22.6667 -3216.69 513.778
530000 -49.9172 20.2 -1009.59 408.6 -142.407 22.6667 -3227.9 513.778
540000 -47.4443 19 -901.442 361 -146.938 23.3333 -3428.54 544.444
550000 -47.3981 19 -900.564 361 -146.328 23.3333 -3414.33 544.444
560000 -42.9372 17 -729.932 289 -146.973 23.3333 -3429.37 544.444
570000 -42.3516 16.8 -711.868 282.4 -145.541 23.3333 -3395.96 544.444
580000 -44.2413 17.6 -779.367 310 -149.041 23.7333 -3537.94 563.378
590000 -43.3648 17 -737.202 289 -152.834 24.5333 -3749.73 601.956
600000 -43.8723 17.2 -754.968 296 -153.422 24.6667 -3784.41 608.444
610000 -49.2616 19.8 -976.626 392.6 -154.495 24.9333 -3852.83 621.778
620000 -44.4345 17.4 -773.591 303 -158.619 25.3333 -4018.34 641.778
630000 -44.172 17.2 -759.96 296 -162.881 25.8667 -4213.9 669.156
640000 -44.7577 17.2 -770.271 296 -162.357 26 -4221.29 676
650000 -45.2628 17.6 -797.254 310 -168.736 26.6667 -4499.62 711.111
660000 -45.4709 17.6 -800.928 310 -167.199 26.6667 -4458.63 711.111
670000 -47.727 19.2 -917.52 369.2 -168.6 26.9333 -4541.59 725.511
680000 -50.0465 19.8 -991.076 392.2 -176.341 28 -4937.55 784
690000 -51.8185 20.2 -1047.29 408.2 -175.601 28 -4916.83 784
700000 -54.4131 21.4 -1166.36 459 -180.947 28.5333 -5163.41 814.222
710000 -59.3047 23.6 -1399.95 557.2 -183.075 28.9333 -5297.53 837.244
720000 -60.0212 23.4 -1404.71 547.8 -184.67 29.3333 -5416.98 860.444
730000 -57.0864 22 -1255.9 484 -185.343 29.3333 -5436.73 860.444
740000 -56.4306 21.6 -1219.55 466.8 -183.7 29.3333 -5388.52 860.444
750000 -53.9906 20.8 -1123.45 432.8 -183.123 29.3333 -5371.61 860.444
760000 -51.6779 20 -1034.58 400.4 -184.265 29.3333 -5405.12 860.444
770000 -47.5242 18 -855.436 324 -183.248 29.3333 -5375.28 860.444
780000 -48.5116 18.6 -902.906 346.2 -184.053 29.3333 -5398.89 860.444
790000 -49.4715 19.4 -960.151 376.6 -190.645 30 -5719.35 900
800000 -51.0696 20 -1021.39 400 -188.232 30 -5646.95 900
810000 -50.6879 19.8 -1004.06 392.2 -188.516 30 -5655.47 900
820000 -45.5763 17.8 -811.75 317 -186.876 30 -5606.29 900
830000 -38.5437 15.2 -586.964 231.6 -187.826 29.7333 -5585.01 884.178
840000 -40.49 16 -647.839 256 -191.308 30 -5739.23 900
850000 -38.3976 15.2 -585.976 232 -189.91 30.1333 -5723 908.089
860000 -37.4323 15 -563.163 225.8 -193.951 30.6667 -5947.84 940.444
870000 -38.3465 16.2 -621.382 262.6 -194.727 30.6667 -5971.62 940.444
880000 -40.1897 16.4 -659.786 269.2 -193.928 30.6667 -5947.13 940.444
890000 -42.5252 17.6 -749.062 310 -194.397 31.0667 -6039.76 965.244
900000 -44.8325 18.4 -826.739 339.2 -197.418 31.3333 -6185.76 981.778
910000 -38.871 15.8 -615.592 250.2 -198.461 31.3333 -6218.43 981.778
920000 -36.8295 14.8 -545.449 219.2 -198.498 31.3333 -6219.61 981.778
930000 -33.8906 13.4 -454.785 179.8 -197.876 31.3333 -6200.11 981.778
940000 -36.4333 14.6 -532.573 213.4 -197.274 31.0667 -6129.55 965.244
950000 -37.8329 15.2 -575.478 231.2 -197.991 31.4667 -6231.76 990.4
960000 -34.2452 13.6 -466.344 185.2 -203.058 32 -6497.84 1024
970000 -35.1932 13.8 -487.668 191.4 -204.094 32 -6531 1024
980000 -37.8263 15.4 -584.488 238.2 -198.23 31.4667 -6238.47 990.222
990000 -40.0452 16 -640.724 256 -197.087 31.3333 -6175.41 981.778
1000000 -38.7864 15.6 -605.832 243.6 -196.472 31.3333 -6156.13 981.778
1010000 -41.5452 16.6 -690.286 275.8 -197.133 31.3333 -6176.85 981.778
1020000 -38.5378 15 -579.073 225.4 -198.471 31.3333 -6218.77 981.778
1030000 -36.1033 14 -505.447 196 -196.837 31.3333 -6167.57 981.778
1040000 -38.0496 15 -570.743 225 -198.733 31.3333 -6226.97 981.778
1050000 -40.1649 15.8 -636.703 250.6 -199.42 31.3333 -6248.49 981.778
1060000 -39.2059 15.4 -605.334 237.8 -200.673 31.3333 -6287.75 981.778
1070000 -36.3702 14 -509.183 196 -204.808 32.2667 -6609.44 1041.24
1080000 -36.3794 14.2 -517.008 201.8 -208.908 32.8 -6852.57 1075.91
1090000 -36.4292 14.4 -524.909 207.6 -211.236 33.0667 -6985.48 1093.51
1100000 -37.1952 14.8 -551.199 219.6 -210.24 32.6667 -6867.83 1067.11
1110000 -35.2579 14.2 -501.142 201.8 -208.572 32.6667 -6813.36 1067.11
1120000 -34.7676 14 -486.746 196 -211.209 32.8 -6928.04 1075.91
1130000 -37.0411 15 -555.616 225 -213.097 33.3333 -7103.25 1111.11
1140000 -38.569 15.8 -609.761 249.8 -216.477 33.4667 -7245.01 1120.09
1150000 -37.0662 15.4 -571.331 237.4 -220.952 34.4 -7601.35 1183.47
1160000 -36.9502 15.2 -562.203 231.2 -221.697 34.6667 -7685.51 1201.78
1170000 -39.1799 16 -626.878 256 -224.105 34.6667 -7768.99 1201.78
1180000 -42.0277 17 -714.472 289 -222.822 34.6667 -7724.49 1201.78
1190000 -40.9275 16.4 -671.72 269.2 -221.663 34.6667 -7684.31 1201.78
1200000 -39.4229 16 -630.766 256 -221.813 34.6667 -7689.51 1201.78
1210000 -40.9318 16.6 -679.659 275.8 -227.901 35.3333 -8052.51 1248.44
1220000 -39.7457 17 -676.932 289.4 -229.722 35.3333 -8116.83 1248.44
1230000 -38.9817 16 -625.442 257.2 -225.762 35.3333 -7976.93 1248.44
1240000 -34.4808 13.8 -477.106 191 -224.104 35.3333 -7918.34 1248.44
1250000 -31.4695 12.4 -390.774 154 -229.49 35.8667 -8231.86 1286.49
1260000 -29.8871 12 -358.645 144 -228.385 36 -8221.86 1296
1270000 -29.9403 12 -359.283 144 -228.494 36 -8225.77 1296
1280000 -28.1457 11.2 -315.703 125.6 -230.408 36 -8294.7 1296
1290000 -25.3314 10.2 -258.65 104.2 -229.841 36.1333 -8304.94 1305.69
1300000 -26.766 10.8 -289.569 116.8 -232.135 36.6667 -8511.62 1344.44
1310000 -26.2608 10.4 -273.716 108.4 -233.307 36.6667 -8554.58 1344.44
1320000 -24.97 9.8 -247.904 97.4 -231.405 36.6667 -8484.85 1344.44
1330000 -23.5136 9.2 -218.742 85.6 -230.971 36.6667 -8468.94 1344.44
1340000 -25.3465 10 -253.465 100 -235.389 36.6667 -8630.94 1344.44
1350000 -26.2155 10.6 -278.431 112.6 -231.206 36.4 -8417 1325.07
1360000 -25.2718 10 -252.718 100 -228.397 36 -8222.28 1296
1370000 -26.8098 10.8 -289.791 116.8 -227.152 36 -8177.46 1296
1380000 -26.9035 11 -295.939 121 -228.738 36 -8234.57 1296
1390000 -26.3773 10.8 -285.073 116.8 -227.031 36 -8173.13 1296
1400000 -28.5956 12 -343.147 144 -228.46 36 -8224.56 1296
1410000 -28.4128 11.8 -335.752 139.4 -229.739 36 -8270.62 1296
1420000 -24.2548 10 -245.556 101.6 -230.579 36 -8300.83 1296
1430000 -22.6664 8.6 -195.581 74.2 -229.113 36 -8248.06 1296
1440000 -22.6799 9 -205.491 81.8 -231.721 36.4 -8435.28 1325.07
1450000 -23.6382 9.8 -232.056 96.2 -238.518 37.4667 -8937.13 1403.82
1460000 -26.4337 11.2 -298.159 126.4 -249.388 38.6667 -9642.98 1495.11
1470000 -25.5207 10.8 -275.904 116.8 -248.436 38.5333 -9573.23 1484.89
1480000 -26.0817 11 -286.899 121 -247.505 38.6667 -9570.21 1495.11
1490000 -29.3937 12 -353.569 144.4 -247.479 38.6667 -9569.18 1495.11
1500000 -28.3401 11.6 -331.176 135.6 -247.615 38.6667 -9574.44 1495.11
1510000 -30.134 12.4 -374.12 154 -247.781 38.6667 -9580.86 1495.11
1520000 -29.5114 12 -354.137 144 -250.939 39.2 -9837.11 1536.71
1530000 -30.0436 12.2 -366.948 149 -252.234 39.3333 -9921.21 1547.11
1540000 -30.6788 12.4 -380.894 154 -252.907 39.3333 -9947.66 1547.11
1550000 -32.5807 13.4 -436.994 179.8 -248.017 38.8 -9623.41 1505.51
1560000 -35.2692 14.4 -508.588 207.6 -247.748 38.6667 -9579.6 1495.11
1570000 -33.6273 14 -470.782 196 -246.118 38.6667 -9516.57 1495.11
1580000 -29.0377 12.2 -354.596 149 -245.603 38.6667 -9496.64 1495.11
1590000 -24.2428 10.8 -262.107 116.8 -247.96 38.6667 -9587.79 1495.11
1600000 -23.9462 11 -264.424 121.4 -250.789 38.8 -9731.12 1505.51
1610000 -21.1367 9 -190.23 81 -254.069 39.3333 -9993.39 1547.11
1620000 -22.2896 9.2 -205.414 84.8 -252.563 39.3333 -9934.16 1547.11
1630000 -22.3271 9 -200.944 81 -251.611 39.3333 -9896.72 1547.11
1640000 -22.3078 9 -200.77 81 -255.111 39.3333 -10034.4 1547.11
1650000 -24.3886 9.8 -239.276 96.2 -255.048 39.4667 -10066.1 1557.69
1660000 -25.9138 10.6 -275.242 112.6 -257.312 40 -10292.5 1600
1670000 -27.3469 11 -300.816 121 -258.682 40 -10347.3 1600
1680000 -23.9847 9.8 -236.289 96.6 -258.382 40 -10335.3 1600
1690000 -22.2699 9 -200.429 81 -260.255 40 -10410.2 1600
1700000 -23.3966 9.6 -225.097 92.4 -261.329 40 -10453.2 1600
1710000 -28.112 11.8 -332.776 139.8 -258.535 40 -10341.4 1600
