# Time-averaged data for fix avg_qst
# TimeStep v_U_ch4 v_Nmol_ch4 v_UN_ch4 v_N2_ch4 v_U_co2 v_Nmol_co2 v_UN_co2 v_N2_co2
220000 -65.3361 29 -1901.63 844.2 -77.1967 12.6667 -977.825 160.444
230000 -69.9585 31 -2169.63 961.4 -77.1562 12.6667 -977.312 160.444
240000 -72.5828 32.4 -2352.41 1050.4 -76.9734 12.6667 -974.997 160.444
250000 -74.05 33.2 -2459.83 1102.8 -83.0504 13.7333 -1141.44 188.711
260000 -76.6261 34 -2605.29 1156 -86.304 14 -1208.26 196
270000 -74.9476 33 -2475.58 1090.2 -90.0788 14.6667 -1321.16 215.111
280000 -71.6486 31.2 -2235.81 973.6 -89.309 14.6667 -1309.87 215.111
290000 -70.9202 30.8 -2184.72 948.8 -89.334 14.6667 -1310.23 215.111
300000 -67.5448 29 -1958.8 841 -88.9165 14.6667 -1304.11 215.111
310000 -71.4237 30.4 -2171.91 924.4 -96.1536 15.8667 -1526.17 251.822
320000 -72.4491 30.6 -2217.29 936.6 -97.9259 16.1333 -1580.25 260.356
330000 -75.5606 32 -2418.81 1024.4 -101.705 16.6667 -1695.09 277.778
340000 -73.8522 31.8 -2350.29 1012.6 -101.893 16.6667 -1698.21 277.778
350000 -78.9171 34.2 -2699.02 1169.8 -103.772 17.0667 -1771.67 291.378
360000 -78.2924 33.8 -2646.86 1142.6 -106.873 17.3333 -1852.47 300.444
370000 -77.218 33 -2548.2 1089 -106.112 17.3333 -1839.28 300.444
380000 -80.1668 34.4 -2758.15 1183.6 -110.325 18 -1985.84 324
390000 -80.7915 35 -2827.7 1225 -110.437 18 -1987.87 324
400000 -80.0855 34.4 -2755.25 1183.6 -116.861 18.9333 -2214.15 358.756
410000 -78.6436 33.4 -2627.13 1115.8 -118.568 19.3333 -2292.32 373.778
420000 -72.1549 30.8 -2222.87 948.8 -118.55 19.3333 -2291.97 373.778
430000 -72.6186 31 -2251.18 961 -118.96 19.6 -2333.54 384.444
440000 -73.2884 32.2 -2360.16 1037 -126.135 20.6667 -2606.78 427.111
450000 -76.9362 33.8 -2603.07 1143.4 -126.194 20.6667 -2608.02 427.111
460000 -81.5007 35 -2853.29 1225.4 -127.53 20.9333 -2670.17 438.311
470000 -83.2639 36 -2997.5 1296 -132.72 21.7333 -2885.04 472.444
480000 -88.009 37 -3257.26 1369.4 -137.799 22.6667 -3123.44 513.778
490000 -85.3921 35.8 -3057.35 1281.8 -139.141 22.6667 -3153.85 513.778
500000 -82.9676 35.4 -2937.53 1253.4 -139.466 22.6667 -3161.22 513.778
510000 -84.0551 35.8 -3009.72 1281.8 -138.378 22.8 -3155.36 519.911
520000 -85.2014 36 -3067.25 1296 -141.331 23.3333 -3297.73 544.444
530000 -86.759 36.4 -3159.61 1325.6 -142.804 23.3333 -3332.09 544.444
540000 -81.6925 34.4 -2810.51 1183.6 -141.607 23.3333 -3304.16 544.444
550000 -81.659 34.6 -2825.86 1197.4 -142.353 23.3333 -3321.58 544.444
560000 -84.3264 35.4 -2985.62 1253.4 -150.211 24.4 -3665.76 595.467
570000 -88.2801 37.2 -3284.69 1384.4 -153.412 24.6667 -3784.16 608.444
580000 -84.7346 36 -3050.45 1296 -153.083 24.6667 -3776.04 608.444
590000 -86.6303 37.4 -3240.7 1399.4 -153.427 24.6667 -3784.53 608.444
600000 -86.982 37.6 -3272.04 1414.8 -150.66 24.6667 -3716.27 608.444
610000 -82.9412 34.6 -2870.36 1197.4 -152.955 24.6667 -3772.89 608.444
620000 -80.9505 33.8 -2736.51 1142.6 -153.456 24.6667 -3785.26 608.444
630000 -80.5159 33 -2657.03 1089 -155.946 25.0667 -3909.78 628.444
640000 -82.3463 34.2 -2817.53 1170.2 -160.193 25.7333 -4123.34 662.311
650000 -82.0991 33.6 -2759.07 1129.2 -163.621 26 -4254.16 676
660000 -78.5185 32 -2512.59 1024 -160.803 26 -4180.88 676
670000 -78.484 32 -2511.49 1024 -161.236 26 -4192.14 676
680000 -77.8243 31.8 -2475.05 1011.4 -161.447 26 -4197.61 676
690000 -80.0759 32.4 -2596.06 1050.4 -169.17 26.9333 -4558.33 725.689
700000 -82.5623 33.8 -2791.83 1143.4 -171.583 27.3333 -4689.94 747.111
710000 -91.1112 37.6 -3430.12 1415.6 -169.241 27.3333 -4625.92 747.111
720000 -95.857 39.8 -3815.44 1584.2 -171.572 27.4667 -4712.94 754.489
730000 -98.0565 40.8 -4000.97 1664.8 -171.913 27.3333 -4698.95 747.111
740000 -99.5299 41.2 -4103.55 1698.8 -176.787 28.1333 -4975.15 791.733
750000 -104.466 43.2 -4512.86 1866.4 -174.875 28 -4896.49 784
760000 -111.314 46.2 -5150.03 2138.2 -170.298 27.4667 -4678.07 754.489
770000 -116.424 49 -5704.79 2401 -169.571 27.3333 -4634.93 747.111
780000 -119.883 49.6 -5947.6 2460.8 -169.517 27.3333 -4633.47 747.111
790000 -121.692 50.2 -6109.3 2520.2 -167.712 27.3333 -4584.13 747.111
800000 -119.472 50 -5974.58 2500.4 -168.114 27.3333 -4595.11 747.111
810000 -115.89 49 -5679.63 2401.4 -166.798 27.3333 -4559.14 747.111
820000 -115.54 49 -5662.58 2401.4 -168.676 27.4667 -4633.62 754.489
830000 -116.43 49 -5705.06 2401 -171.165 27.3333 -4678.51 747.111
840000 -117.007 48.8 -5710.36 2381.6 -169.471 27.3333 -4632.22 747.111
850000 -111.39 47 -5235.34 2209 -170.795 27.3333 -4668.4 747.111
860000 -112.305 47 -5278.34 2209 -176.207 28 -4933.79 784
870000 -113.473 47.4 -5379.19 2247 -176.606 28.1333 -4968.95 791.556
880000 -112.864 47.2 -5327.45 2228 -179.557 28.6667 -5147.3 821.778
890000 -113.205 47.8 -5411.41 2285 -179.435 28.6667 -5143.81 821.778
900000 -114.251 48.6 -5553.14 2362.2 -179.628 28.6667 -5149.32 821.778
910000 -114.715 48 -5506.3 2304 -177.527 28.6667 -5089.1 821.778
920000 -112.09 47 -5272.84 2211.4 -181.568 29.2 -5302.24 852.711
930000 -112.602 46.8 -5271.09 2190.8 -185.107 29.3333 -5429.82 860.444
940000 -116.57 48 -5595.34 2304 -185.812 29.3333 -5450.48 860.444
950000 -117.708 49 -5767.68 2401 -184.694 29.3333 -5417.69 860.444
960000 -119.259 49.8 -5939.33 2480.2 -183.557 29.3333 -5384.33 860.444
970000 -119.326 49.6 -5919.09 2460.4 -184.129 29.4667 -5425.84 868.356
980000 -116.403 48.2 -5611.1 2323.4 -187.729 30 -5631.87 900
990000 -122.665 50.6 -6207.69 2560.6 -194.437 31.0667 -6041.41 965.244
1000000 -125.61 52 -6532.29 2704.4 -194.217 31.3333 -6085.45 981.778
1010000 -130.345 54 -7038.64 2916 -195.074 31.3333 -6112.32 981.778
1020000 -130.298 54 -7036.11 2916 -194.536 31.3333 -6095.47 981.778
1030000 -130.807 54.2 -7090.23 2937.8 -196.431 31.3333 -6154.84 981.778
1040000 -130.329 54.6 -7116.12 2981.4 -198.089 31.3333 -6206.78 981.778
1050000 -129.512 54.2 -7019.96 2937.8 -196.296 31.3333 -6150.59 981.778
1060000 -129.571 54.6 -7075.06 2981.4 -195.653 31.3333 -6130.45 981.778
1070000 -124.421 52.4 -6520.05 2746 -197.837 31.3333 -6198.89 981.778
1080000 -122.161 50.6 -6181.82 2560.6 -198.381 31.3333 -6215.93 981.778
1090000 -121.052 50.6 -6126.63 2561 -196.087 31.3333 -6144.05 981.778
1100000 -118.362 49 -5799.76 2401 -196.963 31.3333 -6171.51 981.778
1110000 -115.772 47.8 -5535.42 2285.4 -199.853 31.7333 -6342.45 1007.11
1120000 -120.093 49.4 -5933.24 2440.6 -202.066 32 -6466.1 1024
1130000 -118.615 49 -5812.15 2401 -201.471 32.1333 -6474.06 1032.62
1140000 -121.13 50.4 -6107.64 2541.6 -205.771 32.6667 -6721.84 1067.11
1150000 -120.197 50.2 -6034.73 2520.6 -206.006 32.6667 -6729.52 1067.11
1160000 -117.676 49.2 -5790.13 2420.8 -205.461 32.6667 -6711.73 1067.11
1170000 -121.457 51 -6194.3 2601 -205.796 32.8 -6750.66 1075.91
1180000 -120.003 50 -6000.17 2500 -209.779 33.3333 -6992.64 1111.11
1190000 -117.184 48.8 -5720.01 2382 -210.949 33.3333 -7031.64 1111.11
1200000 -119.939 50.4 -6045.18 2540.4 -210.542 33.4667 -7046.64 1120.09
1210000 -123.303 51.6 -6363.96 2663.2 -218.286 34.6667 -7567.26 1201.78
1220000 -119.196 49.2 -5864.79 2420.8 -217.554 34.1333 -7426.15 1165.16
1230000 -119.229 49.4 -5890.96 2441 -217.156 34.2667 -7441.74 1174.31
1240000 -122.424 50 -6122.06 2500.4 -219.898 34.6667 -7623.13 1201.78
1250000 -121.754 50.4 -6137.81 2540.8 -223.709 34.9333 -7815.89 1220.44
1260000 -122.653 50.6 -6206.07 2560.6 -225.365 35.3333 -7962.91 1248.44
1270000 -123.874 51.8 -6417.21 2683.4 -225.649 35.3333 -7972.93 1248.44
1280000 -124.092 52 -6452.79 2704 -224.348 35.3333 -7926.97 1248.44
1290000 -123.886 51.4 -6369.59 2643.4 -223.527 35.3333 -7897.97 1248.44
1300000 -125.31 52 -6516.12 2704 -227.993 35.7333 -8147.7 1276.98
1310000 -123.849 51 -6318.96 2602.6 -231.734 36.2667 -8405.29 1315.38
1320000 -120.305 49 -5894.93 2401 -234.389 36.6667 -8594.28 1344.44
1330000 -120.268 48.8 -5869.46 2381.6 -237.982 37.0667 -8822.2 1374.04
1340000 -117.299 47.6 -5584.04 2266 -237.926 37.3333 -8882.56 1393.78
1350000 -116.259 47.6 -5534.26 2266 -239.865 37.7333 -9051.56 1423.91
1360000 -110.815 45 -4988.72 2026.2 -242.699 38.1333 -9255.79 1454.22
1370000 -107.429 43.8 -4705.52 1918.6 -247.898 39.0667 -9684.87 1526.31
1380000 -106.22 43.8 -4652.96 1918.6 -250.967 39.7333 -9972.48 1578.84
1390000 -103.702 43 -4459.69 1849.4 -253.088 40 -10123.5 1600
1400000 -104.739 43.4 -4546.08 1883.8 -252.837 40 -10113.5 1600
1410000 -110.205 45.4 -5007.31 2062.6 -254.259 40.2667 -10238.5 1621.51
1420000 -113.853 47 -5351.7 2209.8 -253.606 40 -10144.2 1600
1430000 -112.946 46.4 -5241.33 2153.2 -253.412 40 -10136.5 1600
1440000 -108.851 44.6 -4855.68 1989.4 -251.173 39.7333 -9980.54 1578.84
1450000 -105.683 43 -4544.36 1849 -253.637 40 -10145.5 1600
1460000 -107.805 43.4 -4680.4 1884.2 -252.657 40 -10106.3 1600
1470000 -110.15 44.4 -4891.34 1971.6 -252.992 40 -10119.7 1600
1480000 -106.372 42 -4467.62 1764 -252.255 40.2667 -10158.3 1621.51
1490000 -103.061 41.6 -4288.93 1731.6 -258.291 40.6667 -10503.8 1653.78
1500000 -112.223 44.6 -5005.75 1989.4 -256.785 40.6667 -10442.6 1653.78
1510000 -111.838 44.8 -5010.68 2007.2 -256.4 40.6667 -10426.9 1653.78
1520000 -109.752 45.2 -4961 2043.2 -255.169 40.8 -10411.2 1664.71
1530000 -110.333 44.6 -4921.68 1989.4 -259.153 41.3333 -10711.7 1708.44
1540000 -111.739 45.8 -5117.97 2097.8 -259.671 41.3333 -10733.1 1708.44
1550000 -107.822 44 -4744.16 1936 -260.733 41.3333 -10777 1708.44
1560000 -109.949 44.8 -4926.11 2007.2 -259.021 41.3333 -10706.2 1708.44
1570000 -114.502 46.8 -5359.17 2190.4 -261.869 41.7333 -10929.5 1741.78
1580000 -116.142 47.4 -5505.43 2247 -264.81 41.8667 -11086.9 1752.89
1590000 -115.481 47 -5427.59 2209 -260.657 41.3333 -10773.8 1708.44
1600000 -115.174 46.6 -5368.39 2172.2 -264.086 41.3333 -10915.6 1708.44
1610000 -113.468 45.6 -5174.99 2079.6 -264.982 41.6 -11023.8 1730.67
1620000 -110.786 45 -4986.73 2025.4 -270.955 42.6667 -11560.7 1820.44
1630000 -115.969 46.8 -5427.94 2190.4 -274.176 42.9333 -11772.3 1843.38
1640000 -116.377 47 -5469.72 2209 -276.778 43.3333 -11993.7 1877.78
1650000 -116.229 47 -5462.75 2209 -281.246 44.1333 -12412.6 1947.82
1660000 -116.578 47 -5479.17 2209 -285.138 44.6667 -12736.2 1995.11
1670000 -118.375 47.6 -5635.29 2266 -286.796 44.6667 -12810.2 1995.11
1680000 -119.847 48.2 -5777.08 2323.4 -286.538 44.6667 -12798.7 1995.11
1690000 -119.404 48.4 -5782.68 2344 -289.605 44.8 -12974.6 2007.11
1700000 -113.756 46 -5233.55 2116.4 -293.677 45.7333 -13431.9 2091.64
1710000 -109.968 44.4 -4884.38 1972 -295.302 46 -13583.9 2116
