# Time-averaged data for fix data_output
# TimeStep c_thermo_temp c_thermo_press v_density v_vol
0 315.16 -975.482 1.18827 39973.6
1000 314.615 -1428.61 1.19494 39750.3
2000 324.325 1064.49 1.20097 39550.8
3000 313.298 318.409 1.19251 39831.5
4000 311.492 1107.33 1.2091 39284.8
5000 313.433 519.728 1.20026 39574.1
6000 307.535 1043.28 1.20688 39357
7000 310.695 774.893 1.20519 39412.3
8000 319.741 242.548 1.19893 39618.1
9000 312.69 1905.32 1.20394 39453.2
10000 309.779 -1282.71 1.20633 39375.1
11000 322.62 1272.89 1.19474 39757.2
12000 309.665 196.065 1.21171 39200.3
13000 315.812 -1719 1.20528 39409.4
14000 311.061 324.047 1.20657 39367.2
15000 312.614 1387.69 1.20835 39309.3
16000 307.562 719.116 1.21183 39196.5
17000 307.659 -761.362 1.1936 39794.9
18000 314.642 668.058 1.20864 39299.8
19000 313.98 -1166.14 1.20026 39574.2
20000 319.842 1000.47 1.21015 39250.9
21000 318.919 -525.966 1.19387 39786
22000 313.316 -714.541 1.20222 39509.6
23000 311.403 -5.47641 1.19959 39596.4
24000 313.524 1203.23 1.20195 39518.7
25000 307.608 1141.97 1.19443 39767.3
26000 314.41 1914.49 1.20969 39265.8
27000 307.725 -201.123 1.1975 39665.4
28000 318.617 -603.373 1.1991 39612.5
29000 315.583 1559.59 1.19599 39715.4
30000 310.07 1318.48 1.20721 39346.3
31000 314.932 -399.647 1.19796 39650.1
32000 311.741 -737.499 1.19768 39659.4
33000 301.47 -1504.59 1.20832 39310.1
34000 314.433 -2152.97 1.19487 39752.8
35000 319.596 1095.47 1.1986 39629.1
36000 313.849 31.768 1.2109 39226.4
37000 316.664 936.312 1.20196 39518.4
38000 312.729 1317.12 1.19837 39636.6
39000 310.861 1027 1.20716 39347.9
40000 314.268 -1030.3 1.20345 39469.4
41000 316.063 -2157.72 1.18823 39974.9
42000 311.154 1197.84 1.20662 39365.6
43000 309.958 -823.891 1.19682 39688.1
44000 311.051 790.454 1.19732 39671.5
45000 310.847 1206.54 1.20161 39529.6
46000 319.066 -604.978 1.20365 39462.7
47000 313.326 -556.421 1.19351 39798.1
48000 302.694 562.101 1.19391 39784.5
49000 308.371 2047.63 1.19995 39584.3
50000 308.288 795.206 1.20546 39403.5
51000 325.014 -237.738 1.19518 39742.3
52000 321.885 -310.313 1.20232 39506.5
53000 313.37 -1925.54 1.20127 39540.9
54000 308.389 -676.566 1.2046 39431.7
55000 310.917 -987.363 1.18856 39963.6
56000 315.925 1266.89 1.20806 39318.6
57000 318.173 255.948 1.21106 39221.4
58000 307.497 -385.036 1.20216 39511.7
59000 313.373 -1182.09 1.19774 39657.5
60000 311.979 -835.575 1.20545 39403.8
61000 311.942 1331.23 1.20011 39579.2
62000 312.451 466.77 1.20557 39399.8
63000 307.689 -1124.2 1.19359 39795.4
64000 310.961 740.187 1.20311 39480.5
65000 310.732 -1305.12 1.19584 39720.3
66000 307.453 -1056.43 1.20993 39258
67000 318.387 1354.45 1.20048 39567
68000 316.655 960.125 1.20472 39427.6
69000 312.586 1133.57 1.20332 39473.5
70000 309.179 430.082 1.20681 39359.5
71000 309.122 924.573 1.20349 39468
72000 312.17 455.801 1.20317 39478.6
73000 320.727 -60.7654 1.19891 39618.8
74000 316.213 2003.43 1.20205 39515.4
75000 314.65 205.821 1.20925 39279.9
76000 316.808 -33.7868 1.19377 39789.3
77000 317.454 -915.877 1.19412 39777.8
78000 306.997 467.326 1.2074 39340.1
79000 311.391 641.355 1.20099 39550.1
80000 313.988 -1387.02 1.2059 39389.1
81000 311.098 -2415.2 1.185 40084
82000 314.805 -999.856 1.20479 39425.3
83000 320.526 -1852.51 1.20601 39385.4
84000 310.822 156.402 1.19866 39627
85000 309.55 868.189 1.20082 39555.7
86000 310.035 -1094.8 1.20292 39486.8
87000 318.964 411.806 1.19319 39808.6
88000 316.175 308.575 1.22449 38791.1
89000 312.381 47.1005 1.19691 39684.9
90000 306.43 3051.16 1.20186 39521.6
91000 313.821 1159.98 1.20264 39495.7
92000 315.283 -1600.22 1.20086 39554.5
93000 314.621 -1292.53 1.1975 39665.5
94000 318.818 -106.497 1.20421 39444.4
95000 319.058 -2595.52 1.19685 39687.1
96000 310.826 -849.817 1.1964 39702
97000 304.086 809.065 1.18995 39917.1
98000 315.677 1409.29 1.20395 39452.9
99000 317.545 2262.35 1.20517 39413
100000 314.654 -321.333 1.18579 40057.1
101000 314.859 -362.465 1.20064 39561.5
102000 308.135 -1087.82 1.20028 39573.6
103000 311.805 -682.063 1.20155 39531.8
104000 317.932 -381.912 1.20738 39340.9
105000 319.856 1015.65 1.20286 39488.8
106000 308.826 206.87 1.19978 39590.2
107000 314.547 1398.96 1.19845 39634.1
108000 318.298 920.785 1.19449 39765.2
109000 318.379 -672.329 1.20231 39506.7
110000 314.514 -2556.18 1.19443 39767.3
111000 311.6 -132.429 1.19859 39629.4
112000 309.484 1070.11 1.1966 39695.3
113000 306.499 121.583 1.2033 39474.3
114000 318.045 634.979 1.20082 39555.8
115000 317.057 1668.7 1.20004 39581.4
116000 305.831 961.311 1.2022 39510.4
117000 305.662 -653.905 1.19496 39749.7
118000 320.698 2684.69 1.20326 39475.4
119000 311.018 218.211 1.19963 39594.9
120000 308.347 1294.29 1.19833 39637.8
121000 314.78 306.311 1.20606 39383.8
122000 315.843 -1470.14 1.19808 39646.3
123000 311.485 1161.43 1.20021 39575.9
124000 316.221 1352.14 1.20032 39572.2
125000 312.266 2140.66 1.20022 39575.4
126000 309.069 1283.74 1.19665 39693.8
127000 309.722 -398.778 1.19995 39584.5
128000 314.181 2495.1 1.2007 39559.6
129000 316.009 -821.889 1.20001 39582.6
130000 309.57 -1273.26 1.19366 39793
131000 318.347 177.024 1.19642 39701.1
132000 313.624 2112.58 1.2026 39497.2
133000 315.734 -953.337 1.19639 39702.3
134000 311.862 -569.788 1.20262 39496.6
135000 312.394 1663.21 1.19911 39612.2
136000 307.281 -2338.97 1.19424 39773.5
137000 315.208 1567.95 1.21434 39115.2
138000 318.606 -2211.68 1.19111 39878.2
139000 317.126 -528.669 1.20551 39402
140000 316.469 -61.183 1.2053 39408.6
141000 310.884 114.542 1.18855 39964.2
142000 309.482 1341.38 1.19978 39590
143000 312.995 -1420.63 1.19726 39673.3
144000 318.273 -600.174 1.1945 39764.9
145000 312.202 -36.9445 1.2019 39520.2
146000 320.261 560.572 1.19822 39641.6
147000 313.268 -159.081 1.20095 39551.6
148000 307.374 -464.524 1.20293 39486.5
149000 315.973 -2230.09 1.20317 39478.6
150000 325.673 995.267 1.208 39320.6
151000 309.166 1679.48 1.19686 39686.7
152000 303.304 -1000.13 1.20153 39532.2
153000 319.939 -1526.41 1.20286 39488.5
154000 310.884 -692.137 1.20054 39564.9
155000 311.625 62.7999 1.21089 39227
156000 307.062 2280.8 1.19795 39650.7
157000 310.651 1135.31 1.21039 39243.1
158000 310.765 852.954 1.20601 39385.4
159000 313.877 -927.817 1.20487 39422.7
160000 309.343 -140.345 1.20245 39502.2
161000 313.804 -337.125 1.19457 39762.6
162000 304.308 -979.071 1.20726 39344.7
163000 313.606 249.588 1.19923 39608.3
164000 318.095 -2422.72 1.20892 39290.8
165000 319.36 -641.043 1.20118 39543.8
166000 317.171 -547.416 1.19632 39704.5
167000 318.981 831.193 1.21627 39053.2
168000 312.211 -1678.7 1.19116 39876.5
169000 310.925 -51.9488 1.20927 39279.4
170000 311.245 -720.523 1.19952 39598.8
171000 316.049 1665.46 1.20313 39480
172000 314.271 -713.127 1.2117 39200.7
173000 311.073 -590.956 1.19909 39612.8
174000 307.393 -577.71 1.20755 39335.3
175000 306.482 -1248.81 1.1987 39625.6
176000 315.029 778.356 1.18915 39943.8
177000 318.839 -747.652 1.19673 39691.1
178000 312.463 682.962 1.20123 39542.3
179000 313.897 -1366.54 1.20279 39491
180000 320.343 1084.79 1.20306 39482
181000 317.753 2388.78 1.202 39517.1
182000 311.474 -983.991 1.2077 39330.6
183000 308.602 449.19 1.19534 39737.1
184000 313.971 -252.582 1.19583 39720.8
185000 315.707 1219.49 1.20262 39496.6
186000 310.755 1325.79 1.19235 39836.6
187000 316.656 2557.57 1.20292 39486.6
188000 318.123 923.101 1.21398 39127
189000 315.708 -1279.91 1.19175 39856.9
190000 310.158 2100.6 1.21331 39148.6
191000 315.903 -16.0113 1.20031 39572.6
192000 316.995 -1238.25 1.20459 39432.1
193000 315.873 1242.72 1.20169 39527
194000 309.456 1926.75 1.20618 39380.1
195000 309.79 1019.98 1.19237 39835.9
196000 314.779 -332.266 1.21045 39241
197000 317.168 -729.535 1.20352 39467.1
198000 319.245 2428.48 1.20273 39492.9
199000 312.171 -158.47 1.20063 39562
200000 309.577 1643.72 1.20897 39289.2
201000 315.684 899.624 1.20063 39562
202000 308.522 920.379 1.20887 39292.5
203000 318.321 2806.43 1.20815 39315.8
204000 317.063 -560.125 1.19578 39722.5
205000 311.577 1319.96 1.21001 39255.4
206000 313.835 574.082 1.20245 39502.3
207000 324.329 7.51595 1.20384 39456.6
208000 311.78 -1063.47 1.20325 39476
209000 307.973 -284.644 1.20563 39398
210000 306.183 -103.52 1.20431 39441.3
211000 310.67 1951.27 1.20401 39450.8
212000 312.507 626.718 1.2043 39441.5
213000 310.613 -1950.17 1.18813 39978.1
214000 314.252 917.731 1.20373 39460.3
215000 321.204 -363.47 1.1967 39692
216000 314.882 985.814 1.20876 39296
217000 314.619 2910.09 1.20438 39439
218000 313.134 -433.188 1.19263 39827.4
219000 317.62 1005.37 1.20463 39430.6
220000 312.864 1100.78 1.20474 39427
221000 312.977 -1193.83 1.20053 39565.2
222000 308.494 -966.042 1.19682 39688.1
223000 311.028 -708.183 1.20342 39470.3
224000 311.459 -895.331 1.19145 39866.8
225000 308.402 -150.819 1.20792 39323.1
226000 310.923 -940.607 1.20319 39477.9
227000 308.409 -1147.31 1.19596 39716.5
228000 308.713 900.25 1.19807 39646.5
229000 315.816 2600.27 1.2061 39382.7
230000 313.486 1285.7 1.19712 39677.9
231000 309.288 -473.985 1.22052 38917.3
232000 311.719 100.159 1.19209 39845.3
233000 312.039 -919.756 1.20794 39322.7
234000 320.678 227.368 1.21047 39240.6
235000 316.451 183.694 1.19528 39739.1
236000 320.396 -1284.42 1.19967 39593.5
237000 315.801 -735.213 1.20547 39403
238000 316.361 749.595 1.1981 39645.5
239000 316.569 1556.6 1.20203 39515.8
240000 307.003 -152.305 1.20993 39257.9
241000 316.462 253.633 1.20204 39515.6
242000 314.324 -300.498 1.21546 39079.1
243000 309.249 1052.63 1.20696 39354.6
244000 318.043 198.685 1.19262 39827.8
245000 320.221 49.874 1.21369 39136.2
246000 311.799 1342.28 1.20409 39448.3
247000 310.05 -665.878 1.21654 39044.8
248000 314.527 207.269 1.19439 39768.6
249000 310.132 -1.45662 1.21421 39119.4
250000 315.421 -997.919 1.20094 39551.8
251000 319.104 -1304.32 1.20234 39505.9
252000 316.406 -1374.02 1.20373 39460
253000 318.872 271.118 1.20608 39383.4
254000 309.802 653.248 1.20509 39415.5
255000 312.267 62.704 1.20527 39409.7
256000 310.659 -623.464 1.20193 39519.2
257000 312.283 -128.122 1.2109 39226.6
258000 308.298 1418.1 1.20244 39502.3
259000 305.201 1882.95 1.19422 39774.2
260000 309.173 730.932 1.21933 38955.4
261000 309.372 415.092 1.20102 39549.2
262000 314.755 1975.53 1.2107 39233.1
263000 321.092 392.187 1.20157 39531.2
264000 309.302 461.043 1.20302 39483.4
265000 313.248 -834.833 1.19861 39628.6
266000 318.83 534.999 1.20332 39473.7
267000 315.543 1232.8 1.20483 39424.2
268000 307.492 -2436.17 1.19337 39802.6
269000 308.612 -327.519 1.20317 39478.6
270000 314.344 680.567 1.20747 39338
271000 311.013 -441.695 1.19659 39695.5
272000 312.407 -361.547 1.20525 39410.4
273000 320.268 -972.262 1.18996 39916.8
274000 311.1 1213.86 1.2031 39480.7
275000 317.828 -718.798 1.19992 39585.4
276000 310.71 409.55 1.20288 39488.1
277000 313.227 1303.09 1.2064 39372.7
278000 316.338 -1587.2 1.19868 39626.3
279000 315.64 491.746 1.20801 39320.3
280000 319.337 1112.37 1.196 39715.1
281000 307.79 43.3969 1.20317 39478.5
282000 312.156 833.872 1.19709 39679
283000 310.768 1084.61 1.2049 39421.8
284000 321.792 535.603 1.19803 39648
285000 312.968 -1360.9 1.20011 39579.2
286000 305.244 -678.565 1.19366 39793.1
287000 314.109 -1332.99 1.20338 39471.7
288000 321.357 -41.2491 1.20588 39389.9
289000 313.081 1081.33 1.21551 39077.6
290000 309.381 592.716 1.19873 39624.6
291000 315.491 1437.64 1.20117 39544.1
292000 313.318 643.384 1.20021 39575.7
293000 317.265 -239.704 1.20848 39305
294000 319.5 -1174 1.19884 39621.2
295000 315.22 -1737.18 1.19898 39616.5
296000 313.139 -598.297 1.19269 39825.5
297000 312.641 -163.102 1.19813 39644.5
298000 307.554 163.69 1.21178 39197.9
299000 304.733 -2391.67 1.19017 39909.7
300000 319.278 893.978 1.20206 39515
301000 313.479 -298.432 1.20093 39552
302000 311.4 -8.18323 1.19635 39703.4
303000 320.106 183.507 1.20523 39410.9
304000 317.106 -3000.27 1.1919 39851.8
305000 309.427 240.627 1.20441 39438
306000 315.166 2014.67 1.19508 39745.7
307000 319.449 856.507 1.20575 39394.1
308000 308.943 21.8507 1.20162 39529.5
309000 306.22 598.67 1.19755 39663.8
310000 312.06 -445.127 1.20941 39274.9
311000 311.024 1263.61 1.1949 39751.8
312000 318.921 1259.86 1.20426 39442.8
313000 307.422 1227.05 1.19923 39608.2
314000 312.221 1389.55 1.20346 39469
315000 319.051 -718.16 1.18832 39971.7
316000 320.248 -602.23 1.20733 39342.5
317000 324.462 -1748.67 1.1971 39678.6
318000 312.183 -907.124 1.20149 39533.7
319000 315.278 2366.81 1.21283 39163.9
320000 311.336 459.553 1.19086 39886.7
321000 311.037 -1285.16 1.21235 39179.6
322000 318.17 -2910.92 1.20055 39564.5
323000 314.924 167.306 1.21016 39250.6
324000 317.817 -2066.95 1.1977 39658.9
325000 310.66 -2200.42 1.21044 39241.3
326000 312.684 732.94 1.21356 39140.6
327000 315.679 -1179.06 1.20732 39342.7
328000 311.267 -907.12 1.20129 39540.1
329000 308.901 287.957 1.2245 38790.8
330000 309.97 -1184.7 1.20786 39325.1
331000 310.914 -515.375 1.20566 39397
332000 311.055 -168.958 1.21424 39118.4
333000 309.516 -1214.91 1.20428 39442.1
334000 318.783 -1317.82 1.20461 39431.4
335000 321.961 -1577.96 1.20903 39287.3
336000 313.402 910.118 1.20311 39480.4
337000 305.405 -305.064 1.20781 39326.8
338000 317.408 -1899.52 1.20844 39306.5
339000 308.686 -527.487 1.2049 39421.9
340000 313.748 -1963.46 1.21489 39097.5
341000 308.391 -2421.33 1.19678 39689.2
342000 310.722 -1027.99 1.20778 39327.9
343000 312.01 1108.74 1.19859 39629.4
344000 307.42 697.799 1.21166 39202
345000 312.757 -681.164 1.19504 39747
346000 306.885 2631.67 1.2051 39415.1
347000 312.089 1318.03 1.21012 39251.7
348000 318.262 -635.236 1.19591 39718.3
349000 309.058 -450.398 1.22001 38933.6
350000 310.931 47.5842 1.20109 39546.8
351000 314.722 329.915 1.1982 39642.1
352000 307.367 188.53 1.21119 39217.2
353000 312.056 -2437.74 1.19955 39597.7
354000 311.541 -156.922 1.20675 39361.3
355000 315.639 -9.71622 1.21049 39239.9
356000 314.051 -2956.95 1.19417 39775.9
357000 312.437 1686.55 1.21265 39169.8
358000 313.154 -1147.05 1.21033 39245
359000 320.651 1425.85 1.21375 39134.3
360000 307.012 -549.031 1.19505 39746.7
361000 308.208 158.061 1.21629 39052.5
362000 304.687 -1680.98 1.20086 39554.5
363000 316.462 512.131 1.2068 39359.8
364000 310.383 1180.69 1.20083 39555.5
365000 314.977 565.446 1.20296 39485.4
366000 309.582 1915.13 1.19766 39660
367000 312.235 -1222.2 1.20288 39487.9
368000 312.698 1757.26 1.20607 39383.5
369000 314.04 -21.2069 1.19992 39585.5
370000 314.756 -1053.95 1.20988 39259.5
371000 307.634 915.924 1.19612 39711.1
372000 305.369 85.4524 1.20419 39445
373000 308.738 -207.529 1.20233 39506.2
374000 311.144 -728.247 1.20471 39428.1
375000 313.519 1011.74 1.20039 39570
376000 317.428 1352.06 1.20636 39374.2
377000 313.717 -1792.06 1.19899 39616.1
378000 315.401 953.594 1.20866 39299.1
379000 313.914 -863.789 1.20606 39384
380000 311.678 2185.93 1.20723 39345.6
381000 317.538 1607.84 1.21734 39019
382000 314.2 917.959 1.20584 39391
383000 312.82 3323.73 1.20772 39329.7
384000 312.034 -2769.04 1.20434 39440.1
385000 312.484 843.626 1.19912 39611.8
386000 316.266 900.499 1.20864 39299.8
387000 309.123 1653.84 1.21182 39196.8
388000 307.518 1314.48 1.1995 39599.4
389000 303.219 2041.45 1.20706 39351.1
390000 314.837 -742.656 1.19839 39636
391000 314.004 -551.92 1.20765 39332
392000 311.958 1108.94 1.21092 39225.9
393000 317.024 -1940 1.19791 39651.8
394000 312.811 -418.018 1.20552 39401.7
395000 315.422 -330.705 1.19835 39637.4
396000 313.401 157.233 1.20487 39422.8
397000 320.629 -636.961 1.20259 39497.4
398000 315.165 638.135 1.20097 39550.7
399000 311.651 9.31448 1.20103 39548.7
400000 320.023 1192.04 1.19578 39722.6
401000 323.09 1865.25 1.2028 39490.7
402000 313.202 -2438.19 1.20578 39392.9
403000 313.399 -121.566 1.19109 39878.9
404000 315.794 690.995 1.204 39451.2
405000 316.195 1113.02 1.19923 39608.3
406000 322.468 492.848 1.20255 39498.8
407000 305.623 -151.081 1.19455 39763.4
408000 318.16 584.549 1.20608 39383.2
409000 309.319 -758.556 1.1912 39875.2
410000 313.367 -458.101 1.19935 39604.1
411000 305.542 1043.5 1.19422 39774.3
412000 311.354 -487.63 1.20757 39334.7
413000 317.644 116.311 1.20572 39395
414000 312.92 2016.26 1.19733 39671
415000 307.375 -1480.88 1.20212 39512.9
416000 317.079 -68.7286 1.19924 39607.8
417000 307.984 -1165.35 1.19908 39613.2
418000 310.234 1632.05 1.20268 39494.6
419000 315.719 -0.745728 1.19744 39667.4
420000 313.455 -870.854 1.20436 39439.6
421000 309.021 616.26 1.19189 39852
422000 315.974 2720.31 1.21826 38989.6
423000 321.124 -2364.88 1.19369 39792.2
424000 319.795 1350.62 1.20325 39476
425000 315.341 912.321 1.1961 39711.7
426000 311.807 1014.83 1.19838 39636.4
427000 307.635 933.24 1.1967 39691.8
428000 311.898 209.592 1.19627 39706.1
429000 317.93 106.348 1.19804 39647.5
430000 315.874 760.213 1.20958 39269.2
431000 301.52 52.0212 1.20184 39522.2
432000 311.951 1238.5 1.20739 39340.4
433000 312.141 568.451 1.20122 39542.7
434000 314.329 -8.80397 1.21198 39191.4
435000 315.156 -1003.36 1.20291 39487
436000 317.137 992.608 1.20735 39341.9
437000 315.806 -870.269 1.19628 39705.9
438000 313.205 -879.864 1.21501 39093.6
439000 307.977 1273.08 1.19917 39610.1
440000 309.144 -861.454 1.19743 39667.7
441000 313.484 -265.567 1.20645 39371.2
442000 311.964 -116.642 1.19491 39751.5
443000 309.152 -1516.36 1.20071 39559.4
444000 306.195 -1597.74 1.19215 39843.6
445000 308.515 478.758 1.1939 39785.1
446000 309.861 686.546 1.19628 39705.9
447000 313.902 575.608 1.19946 39600.5
448000 314.685 -1335.91 1.20472 39427.6
449000 314.565 2182.91 1.19429 39772.2
450000 319.836 596.936 1.20975 39263.8
451000 311.435 -487.114 1.19863 39627.9
452000 313.479 306.055 1.21462 39106.5
453000 313.143 1463.21 1.20059 39563.4
454000 306.414 -903.646 1.19656 39696.7
455000 311.26 -367.599 1.20389 39454.8
456000 305.635 -424.089 1.1984 39635.5
457000 312.767 -682.635 1.2001 39579.5
458000 305.909 821.209 1.20111 39546.1
459000 312.638 -487.077 1.19942 39602.1
460000 312.494 -258.765 1.2132 39152.2
461000 308.552 -1314.56 1.19306 39813.2
462000 318.744 262.474 1.20813 39316.5
463000 325.292 1415.88 1.20021 39575.8
464000 307.289 1033.3 1.2081 39317.5
465000 310.098 948.279 1.18583 40055.9
466000 310.794 10.849 1.2109 39226.4
467000 304.398 -34.7691 1.1946 39761.8
468000 313.617 -1397.99 1.19955 39597.7
469000 315.988 -124.336 1.20425 39443
470000 317.759 -2209.38 1.19933 39604.9
471000 309.123 3152.64 1.20525 39410.5
472000 313.34 -2441.3 1.2032 39477.4
473000 310.754 331.715 1.19701 39681.6
474000 312.867 -893.07 1.20569 39396.1
475000 314.523 1474.95 1.1946 39761.6
476000 314.539 225.539 1.21411 39122.8
477000 312.641 -675.671 1.20838 39308.2
478000 306.314 -972.752 1.20326 39475.4
479000 318.792 295.309 1.19911 39612.3
480000 320.591 -402.89 1.20698 39354
481000 311.332 -1526.86 1.19936 39603.9
482000 311.084 612.933 1.19876 39623.9
483000 313.691 -566.584 1.2046 39431.5
484000 313.148 1680.6 1.20557 39400.1
485000 308.1 -11.0379 1.19436 39769.6
486000 314.989 2763.69 1.20771 39330.2
487000 318.518 210.108 1.20858 39301.8
488000 308.495 -1954.3 1.19675 39690.2
489000 313.609 -1101.91 1.20023 39575.3
490000 307.543 -612.17 1.19653 39697.7
491000 314.075 830.603 1.20736 39341.6
492000 316.257 -583.458 1.2043 39441.4
493000 314.557 -387.072 1.19832 39638.3
494000 310.913 -896.943 1.18837 39970.2
495000 317.012 -63.1732 1.20165 39528.6
496000 304.765 -433.895 1.20679 39359.9
497000 314.941 -140.473 1.18943 39934.6
498000 313.327 -335.991 1.20825 39312.4
499000 310.239 -351.033 1.20489 39422.1
500000 317.714 1074.8 1.20953 39271
501000 313.9 1090.28 1.19203 39847.3
502000 316.231 199.847 1.21059 39236.6
503000 309.445 -894.574 1.19342 39800.9
504000 310.006 -540.317 1.20978 39262.7
505000 310.153 361.483 1.20412 39447.5
506000 319.073 2193.37 1.20472 39427.6
507000 316.575 1601.55 1.20708 39350.6
508000 311.396 -1260.2 1.19094 39884
509000 314.288 -656.336 1.20781 39326.8
510000 316.738 -401.86 1.2079 39324
511000 315.325 1144.57 1.20077 39557.5
512000 319.139 -375.98 1.19856 39630.3
513000 320.473 345.607 1.20118 39543.8
514000 316.172 -0.285683 1.19793 39651.2
515000 313.555 -144.393 1.20027 39573.8
516000 311.099 -1071.49 1.20022 39575.4
517000 308.108 1125.68 1.21212 39187
518000 317.134 -1217.9 1.19058 39895.9
519000 311.929 1462.4 1.21535 39082.7
520000 309.297 -392.499 1.19671 39691.7
521000 317.134 -258.694 1.20848 39304.9
522000 308.956 -364.03 1.20096 39551.2
523000 316.325 -1646.42 1.20592 39388.4
524000 319.241 -308.063 1.19372 39791.1
525000 314.553 438.45 1.20643 39371.8
526000 311.94 254.528 1.19908 39613.2
527000 316.999 66.8238 1.18935 39937.3
528000 308.132 1717.89 1.21062 39235.4
529000 314.46 416.672 1.18272 40161.1
530000 324.028 -391.461 1.19818 39642.9
531000 307.144 1741.81 1.20725 39345
532000 310.742 1874.38 1.20734 39342.3
533000 311.455 -2448.25 1.19232 39837.7
534000 312.418 1461.98 1.19375 39789.9
535000 308.364 -99.1317 1.19759 39662.3
536000 311.959 68.3771 1.19969 39593
537000 314.191 189.43 1.20115 39544.9
538000 311.496 -1251.9 1.19612 39711.1
539000 313.33 100.087 1.1923 39838.4
540000 310.44 523.468 1.19543 39734.1
541000 316.843 -207.664 1.19188 39852.3
542000 315.586 2330.06 1.19138 39869.3
543000 313.191 2282.26 1.19125 39873.4
544000 313.352 -424.785 1.1944 39768.4
545000 312.482 1290.18 1.20497 39419.5
546000 311.971 -608.114 1.18484 40089.4
547000 319.35 1055.41 1.20245 39502
548000 312.09 75.8335 1.2011 39546.7
549000 313.708 -331.955 1.19909 39612.8
550000 317.464 467.008 1.19599 39715.4
551000 317.821 200.721 1.19851 39631.9
552000 318.444 2494.1 1.19454 39763.7
553000 319.314 737.55 1.20308 39481.5
554000 303.497 1155.45 1.19812 39644.9
555000 314.337 498.613 1.199 39616
556000 315.815 -1044.68 1.19018 39909.3
557000 320.084 1610.51 1.20154 39532.1
558000 316.575 -1239.84 1.19059 39895.7
559000 316.045 248.268 1.20258 39498
560000 315.922 235.78 1.19897 39616.8
561000 317.61 433.358 1.20402 39450.7
562000 319.011 -3329.32 1.19439 39768.6
563000 313.856 -631.344 1.2031 39480.7
564000 311.695 -1443.77 1.19376 39789.7
565000 308.46 1180.33 1.20765 39332
566000 314.781 1461.55 1.20417 39445.6
567000 306.893 260.061 1.19792 39651.6
568000 310.286 1827.2 1.21112 39219.4
569000 315.442 -1439.9 1.19012 39911.4
570000 313.508 -847.532 1.21019 39249.5
571000 315.868 1257.07 1.19527 39739.4
572000 318.489 441.022 1.20733 39342.3
573000 316.331 -1995.4 1.19744 39667.3
574000 312.194 692.511 1.20233 39505.9
575000 319.979 3069.39 1.21121 39216.4
576000 316.058 -744.771 1.19001 39915.2
577000 319.051 -909.288 1.21021 39248.7
578000 310.018 -401.222 1.19429 39772.1
579000 315 -787.327 1.19912 39612
580000 306.355 -648.414 1.20394 39453.2
581000 312.295 1330.49 1.19939 39602.8
582000 318.304 -1751.35 1.20177 39524.5
583000 318.736 -861.271 1.19823 39641.1
584000 315.657 -2229.48 1.20582 39391.7
585000 316.641 528.521 1.1967 39692
586000 312.987 -386.807 1.21009 39252.7
587000 309.887 675.258 1.20108 39547.1
588000 305.401 -2.7551 1.20939 39275.4
589000 314.791 -92.4404 1.20374 39459.7
590000 316.797 -1191.48 1.2047 39428.2
591000 317.724 1338.63 1.20809 39317.6
592000 312.115 -277.449 1.21108 39220.5
593000 314.087 1733.89 1.205 39418.4
594000 324.911 676.801 1.19756 39663.3
595000 316.348 -52.6369 1.21697 39030.8
596000 314.402 102.02 1.19794 39650.9
597000 306.871 -449.573 1.19206 39846.3
598000 309.722 2051.5 1.20188 39520.8
599000 309.038 727.968 1.18919 39942.7
600000 315.886 125.151 1.20878 39295.1
601000 313.267 933.605 1.19288 39819.1
602000 310.347 -134.203 1.20309 39481.1
603000 315.963 -1290.88 1.19616 39709.8
604000 315.692 2226.14 1.19808 39646.2
605000 319.309 -239.268 1.1983 39638.8
606000 317.932 -179.4 1.19586 39719.7
607000 310.541 1488.66 1.20711 39349.8
608000 314.886 954.333 1.18794 39984.5
609000 312.447 2.69437 1.21343 39144.6
610000 320.536 1814.95 1.20468 39429
611000 322.559 -412.444 1.21057 39237.2
612000 304.821 2566.33 1.19591 39718.1
613000 307.589 -820.036 1.20269 39494.1
614000 312.963 -15.2615 1.19888 39619.6
615000 312.008 -1398.79 1.20695 39354.8
616000 308.1 -203.268 1.20246 39501.9
617000 310.918 1173.36 1.20061 39562.7
618000 313.665 -258.773 1.19896 39617.1
619000 305.431 -1107.86 1.1943 39771.5
620000 327.411 -1661.56 1.20046 39567.5
621000 309.575 1339.52 1.19527 39739.6
622000 312.126 949.574 1.21032 39245.3
623000 300.701 -958.836 1.18661 40029.3
624000 309.802 839.24 1.20638 39373.6
625000 309.893 -279.399 1.19757 39663
626000 316.561 469.911 1.20997 39256.6
627000 318.083 1385.37 1.19769 39659.2
628000 315.022 229.412 1.20123 39542.1
629000 314.08 23.8262 1.20166 39528.2
630000 315.221 -1427.51 1.19359 39795.3
631000 309.483 -1214.81 1.19096 39883.3
632000 313.454 745.038 1.20355 39466
633000 310.131 166.789 1.2066 39366.4
634000 312.554 -257.747 1.19857 39629.9
635000 311.679 510.245 1.20746 39338.1
636000 305.683 691.895 1.19546 39733.2
637000 309.529 155.387 1.20754 39335.5
638000 319.699 1258.16 1.20079 39556.7
639000 314.243 -937.135 1.19502 39747.7
640000 311.187 1101.16 1.20162 39529.5
641000 311.401 2657.77 1.19062 39894.5
642000 311.571 1525.6 1.20843 39306.7
643000 313.04 737.62 1.19975 39590.9
644000 315.096 176.559 1.19634 39704
645000 312.087 -1367.19 1.20101 39549.4
646000 314.951 335.887 1.19702 39681.3
647000 315.729 25.3642 1.2082 39314.2
648000 319.524 558.862 1.20662 39365.6
649000 311.429 -1526.72 1.19801 39648.6
650000 312.002 432.147 1.20052 39565.8
651000 308.227 -589.375 1.20836 39308.9
652000 316.425 -227.401 1.20456 39433
653000 313.129 -2364.83 1.19634 39704
654000 314.358 -1594.35 1.20762 39333.2
655000 311.496 601.575 1.20289 39487.7
656000 307.377 2271.56 1.1985 39632.2
657000 311.237 -254.257 1.20119 39543.5
658000 312.126 1110.42 1.21193 39193.2
659000 313.914 92.6841 1.20362 39463.7
660000 311.974 -397.107 1.20416 39446
661000 309.274 -150.216 1.19527 39739.6
662000 317.374 54.9733 1.19641 39701.5
663000 316.136 1647.46 1.19761 39661.8
664000 314.869 982.372 1.19149 39865.6
665000 310.478 -296.639 1.20095 39551.6
666000 307.554 337.941 1.20301 39483.7
667000 307.164 -643.122 1.18991 39918.5
668000 309.32 -164.854 1.19869 39626.2
669000 315.717 471.277 1.20078 39557.1
670000 310.205 -941.405 1.18721 40009.3
671000 310.423 1354 1.19802 39648.1
672000 315.215 661.374 1.18565 40062
673000 306.858 -196.412 1.21191 39193.9
674000 311.847 -638.983 1.1947 39758.5
675000 318.546 -1433.71 1.19534 39737.2
676000 315.489 -1238.26 1.19191 39851.4
677000 305.884 2556.34 1.19107 39879.7
678000 307.825 -1096.12 1.20176 39524.7
679000 310.841 162.035 1.18759 39996.5
680000 312.076 -246.966 1.20898 39288.9
681000 309.317 75.5133 1.20482 39424.4
682000 311.175 54.3575 1.19447 39765.9
683000 309.322 765.089 1.19331 39804.7
684000 315.95 761.356 1.20667 39364.1
685000 315.049 -1311.47 1.18742 40002.1
686000 313.008 335.439 1.20805 39318.9
687000 315.36 1045.81 1.19182 39854.4
688000 306.963 -1578.53 1.19393 39784.1
689000 309.823 -755.582 1.2017 39526.8
690000 310.175 -1220.07 1.19588 39719.2
691000 313.351 -1105.55 1.20707 39350.9
692000 311.841 -158.493 1.19683 39687.6
693000 304.435 898.291 1.20277 39491.5
694000 302.929 -1381.53 1.19618 39709.2
695000 313.334 1458.65 1.19607 39712.9
696000 314.045 986.842 1.19926 39607.2
697000 310.859 -356.517 1.19735 39670.5
698000 319.69 -488.544 1.19646 39700
699000 312.72 -1711.94 1.19248 39832.3
700000 314.837 346.109 1.19511 39744.7
701000 311.904 -1047.74 1.19563 39727.6
702000 310.888 933.117 1.1995 39599.2
703000 310.383 314.875 1.19168 39859.1
704000 319.421 -1688.61 1.20186 39521.7
705000 310.059 278.731 1.19759 39662.3
706000 316.648 -1389.05 1.19424 39773.7
707000 311.351 280.94 1.20284 39489.4
708000 304.156 -620.571 1.1972 39675.3
709000 305.745 2590 1.20217 39511.3
710000 313.44 -428.071 1.19765 39660.6
711000 318.651 -1840.77 1.19953 39598.3
712000 304.851 -689.249 1.19228 39839.2
713000 304.424 -758.166 1.19678 39689.2
714000 318.696 -492.13 1.19929 39606.3
715000 313.303 -470.367 1.20513 39414.2
716000 311.394 1164.6 1.19515 39743.5
717000 313.644 1300.39 1.20557 39400
718000 312.324 386.519 1.20944 39273.8
719000 319.9 -1782.65 1.19532 39737.7
720000 318.846 62.2187 1.19807 39646.7
721000 309.944 1018.56 1.21154 39205.7
722000 306.742 1853.17 1.19722 39674.7
723000 305.148 -2966.88 1.20332 39473.6
724000 311.76 474.034 1.20554 39400.8
725000 314.998 -1.75283 1.20231 39506.6
726000 313.341 -3352.3 1.20193 39519.1
727000 311.357 2249.4 1.2024 39503.8
728000 316.774 -968.766 1.1983 39639
729000 323.967 386.509 1.196 39715.3
730000 305.229 -442.89 1.20028 39573.4
731000 311.661 388.559 1.19128 39872.4
732000 314.898 452.089 1.19145 39866.7
733000 311.607 -637.306 1.19406 39779.7
734000 313.376 640.04 1.2099 39258.8
735000 314.719 492.553 1.20462 39431.1
736000 311.529 -545.475 1.1991 39612.6
737000 313.499 -1071.43 1.20318 39478
738000 317.038 -1101.48 1.19093 39884.2
739000 317.805 1085.69 1.19562 39727.9
740000 318.828 -245.885 1.19769 39659.1
741000 312.694 -2091.93 1.20707 39351
742000 314.317 3142.4 1.1912 39875.1
743000 310.815 -1162.96 1.19767 39659.9
744000 310.191 473.239 1.19617 39709.5
745000 310.6 -741.482 1.18817 39976.7
746000 317.213 1129.81 1.21204 39189.5
747000 313.314 312.725 1.19719 39675.8
748000 313.251 -1199.51 1.19721 39675
749000 311.33 444.932 1.20104 39548.5
750000 313.287 -43.2003 1.20291 39487.1
751000 320.293 -219.183 1.19996 39584.1
752000 320.85 -1519.9 1.18804 39981.4
753000 310.366 -128.277 1.2031 39480.9
754000 312.553 612.985 1.19443 39767.3
755000 308.901 1327.89 1.19142 39867.8
756000 311.279 -729.807 1.20337 39471.8
757000 308.571 -1433.94 1.19962 39595.3
758000 306.922 877.068 1.20148 39534
759000 316.146 255.074 1.18739 40003.2
760000 313.125 -611.444 1.19499 39748.7
761000 317.973 -909.903 1.20288 39488
762000 321.257 -1316.38 1.19378 39788.9
763000 320.949 -1362.17 1.20574 39394.5
764000 317.486 1897.82 1.19511 39744.8
765000 315.393 -800.513 1.19708 39679.4
766000 309.929 -416.218 1.19355 39796.6
767000 308.232 982.247 1.20868 39298.5
768000 312.395 736.339 1.19188 39852.6
769000 313.591 -1065.87 1.20801 39320.4
770000 315.156 -160.869 1.19306 39813
771000 305.602 -342.943 1.2063 39375.9
772000 319.591 -1113.84 1.19659 39695.7
773000 317.645 23.5605 1.20321 39477
774000 312.28 -963.996 1.2021 39513.6
775000 315.358 -647.315 1.20042 39569
776000 314.09 -220.012 1.20009 39579.9
777000 318.232 474.089 1.20459 39432
778000 311.978 18.3022 1.20694 39355.1
779000 314.056 -341.306 1.19802 39648.1
780000 313.588 -423.47 1.19149 39865.6
781000 314.596 -2090.8 1.20481 39424.6
782000 317.625 -2236.5 1.19395 39783.2
783000 316.663 583.171 1.20976 39263.5
784000 309.991 154.285 1.20104 39548.5
785000 311.007 468.289 1.19871 39625.4
786000 315.285 -168.37 1.20284 39489.4
787000 316.57 -1087.93 1.20151 39533.2
788000 307.245 903.795 1.20604 39384.6
789000 315.553 -809.62 1.2056 39398.9
790000 316.336 -1049.16 1.19752 39664.8
791000 315.309 343.978 1.2057 39395.6
792000 307.636 -1039.13 1.19734 39670.7
793000 316.177 882.529 1.20046 39567.5
794000 312.362 -84.9912 1.21041 39242.3
795000 308.951 -10.5815 1.19752 39664.9
796000 313.148 652.405 1.2083 39310.8
797000 313.028 971.734 1.2037 39461.1
798000 310.102 -1809.72 1.20187 39521.2
799000 313.258 865.841 1.18668 40027
800000 313.784 -998.171 1.19322 39807.8
801000 307.349 -94.6448 1.2041 39448.1
802000 315.993 2215.24 1.20125 39541.6
803000 314.905 1123.22 1.20182 39522.9
804000 311.826 83.8993 1.19792 39651.6
805000 317.289 -2002.12 1.19635 39703.4
806000 319.325 1212.32 1.20387 39455.7
807000 312.983 -1606.79 1.19053 39897.8
808000 316.218 646.549 1.19834 39637.7
809000 312.681 756.616 1.20177 39524.4
810000 302.766 -988.32 1.19526 39739.6
811000 316.664 402.347 1.19823 39641.2
812000 313.485 -824.938 1.19344 39800.5
813000 317.758 -2913.37 1.19322 39807.6
814000 315.492 1240.88 1.2104 39242.8
815000 317.834 -1772.84 1.18623 40042.1
816000 317.968 667.75 1.19513 39744.1
817000 307.318 -456.481 1.19562 39727.7
818000 309.473 -112.287 1.19985 39587.6
819000 310.649 -758.07 1.19251 39831.5
820000 314.327 1910.06 1.2019 39520.2
821000 313.383 669.944 1.1912 39875.2
822000 320.398 -134.815 1.19778 39656.3
823000 315.033 -1008.04 1.19935 39604.2
824000 317.031 140.729 1.1996 39595.9
825000 317.972 -524.925 1.19284 39820.3
826000 309.523 625.466 1.19806 39646.8
827000 304.809 -201.734 1.1832 40144.9
828000 311.13 709.861 1.20024 39574.9
829000 314.156 1290.71 1.19569 39725.6
830000 307.075 -1268.24 1.19993 39585
831000 312.953 -3004.62 1.19618 39709.2
832000 317.636 1015.69 1.19836 39637.1
833000 312.836 -912.744 1.20444 39436.9
834000 310.471 -1959.56 1.19621 39708.3
835000 307.993 -175.054 1.19864 39627.6
836000 313.039 805.726 1.19612 39711.1
837000 314.999 2465.67 1.20782 39326.6
838000 312.621 157.995 1.19937 39603.6
839000 310.217 -1944.88 1.19813 39644.6
840000 312.975 183.977 1.20191 39520
841000 319.095 2036.96 1.19812 39644.8
842000 306.846 864.828 1.19753 39664.4
843000 308.304 2607.94 1.20382 39457.1
844000 313.777 2091.31 1.19722 39674.9
845000 314.605 -1578.08 1.20377 39458.7
846000 323.526 -1407.04 1.19935 39604.3
847000 312.441 -160.359 1.1968 39688.8
848000 313.885 -1931.96 1.19352 39797.5
849000 312.828 907.684 1.19336 39803.1
850000 311.718 1143.64 1.2091 39284.7
851000 313.814 617.937 1.1989 39619
852000 311.874 -263.555 1.19612 39711.2
853000 319.198 1200.26 1.21007 39253.3
854000 313.388 -1703.48 1.19506 39746.5
855000 312.837 1028.04 1.20435 39439.8
856000 308.931 -1508.76 1.20498 39419
857000 308.017 -1531.23 1.2069 39356.6
858000 309.161 -707.683 1.19148 39865.9
859000 312.143 542.155 1.20727 39344.4
860000 314.423 -1166 1.19553 39730.9
861000 311.434 1801.05 1.19532 39737.7
862000 309.007 2354.12 1.19906 39613.7
863000 320.946 -157.963 1.20319 39477.9
864000 316.663 -762.211 1.2048 39425
865000 313.373 -370.957 1.19963 39595.1
866000 310.971 918.527 1.20821 39313.9
867000 310.535 -1765.65 1.20295 39485.9
868000 310.891 713.05 1.19174 39857.3
869000 313.788 811.397 1.19376 39789.7
870000 317.388 1211 1.20868 39298.6
871000 317.437 743.561 1.19172 39857.7
872000 312.423 562.76 1.20197 39518
873000 311.069 1706.15 1.19958 39596.8
874000 308.049 230.711 1.19869 39626.2
875000 312.57 -1595.49 1.19922 39608.5
876000 309.209 3014.08 1.20782 39326.6
877000 320.418 1357.03 1.19047 39899.7
878000 315.521 -1784.36 1.19467 39759.5
879000 317.576 576.488 1.19583 39720.9
880000 311.07 209.844 1.20832 39310.2
881000 309.015 -248.401 1.19242 39834.5
882000 314.501 755.415 1.19549 39732.1
883000 324.263 -409.812 1.19886 39620.3
884000 317.006 -194.474 1.19384 39787
885000 319.055 -1214.17 1.2003 39572.8
886000 309.634 1020.19 1.19632 39704.6
887000 311.629 -1443.31 1.20103 39548.7
888000 307.03 914.393 1.19687 39686.3
889000 306.785 1664.67 1.1991 39612.5
890000 310.26 -482.395 1.19615 39710.3
891000 307.317 859.244 1.20633 39375.1
892000 306.996 -1166.75 1.19229 39838.6
893000 314.155 2057.96 1.20548 39402.8
894000 313.586 240.058 1.20345 39469.2
895000 304.536 -1457.11 1.18945 39934
896000 322.77 16.4836 1.20247 39501.5
897000 320.249 -1651.59 1.19252 39831.2
898000 313.659 -102.114 1.19344 39800.3
899000 309.245 -798.317 1.19687 39686.2
900000 311.798 768.767 1.19738 39669.5
901000 316.163 869.309 1.20559 39399.3
902000 319.704 -799.477 1.18935 39937.3
903000 310.053 256.712 1.19392 39784.3
904000 307.67 -2048.58 1.19766 39660.1
905000 316.233 656.163 1.19645 39700.1
906000 315.662 -1519.67 1.19048 39899.3
907000 316.805 -2419.87 1.19059 39895.6
908000 319.541 1555.72 1.20133 39538.9
909000 319.158 255.246 1.19657 39696.1
910000 310.338 -70.3742 1.20133 39538.9
911000 313.172 2159.32 1.19358 39795.8
912000 312.76 -825.134 1.19858 39629.6
913000 307.732 -2421.89 1.19512 39744.3
914000 306.88 -1344.4 1.20079 39556.6
915000 313.013 -188.484 1.19418 39775.6
916000 312.234 565.686 1.19325 39806.6
917000 315.67 900.505 1.20061 39562.7
918000 318.962 -490.042 1.18944 39934.1
919000 307.245 -1677.49 1.20071 39559.5
920000 315.07 -1022.53 1.19678 39689.3
921000 314.11 812.902 1.20008 39580
922000 312.493 39.3373 1.20094 39551.6
923000 315.673 -130.092 1.19857 39629.9
924000 317.3 1081.58 1.18363 40130.2
925000 312.211 510.268 1.19285 39820
926000 308.524 -1266.96 1.19935 39604.1
927000 313.018 100.452 1.19606 39713.1
928000 312.829 657.696 1.20068 39560.2
929000 317.88 -23.6999 1.19007 39913.2
930000 312.454 513.963 1.20456 39432.8
931000 303.1 2202.22 1.18957 39929.7
932000 309.442 239.266 1.19095 39883.5
933000 309.253 -1371.97 1.1877 39992.6
934000 308.344 -264.273 1.20303 39483.2
935000 314.989 -236.765 1.21347 39143.3
936000 311.224 -960.165 1.19913 39611.6
937000 316.499 3407.14 1.20059 39563.3
938000 313.802 693.736 1.20268 39494.6
939000 317.383 740.031 1.19924 39607.7
940000 308.888 886.499 1.20772 39329.6
941000 307.727 -372.828 1.19958 39596.7
942000 317.953 1517.74 1.19551 39731.5
943000 313.167 48.1123 1.19406 39779.7
944000 314.524 -970.972 1.20107 39547.4
945000 314.167 1526.48 1.19769 39659.2
946000 312.062 2092.17 1.19771 39658.4
947000 302.95 -246.312 1.20869 39298.3
948000 308.306 61.595 1.19279 39822.2
949000 311.291 2126.29 1.20188 39520.7
950000 311.049 1176.8 1.20096 39551.3
951000 317.58 1042.03 1.20473 39427.3
952000 310.282 -1834.75 1.19203 39847.3
953000 313.157 -1233.15 1.20268 39494.6
954000 315.003 1402.69 1.19428 39772.4
955000 318.066 -808.194 1.18971 39925.3
956000 315.432 224.98 1.19971 39592.5
957000 309.51 -1657.99 1.1995 39599.3
958000 305.996 -611.995 1.1901 39912
959000 313.32 -125.257 1.19967 39593.7
960000 301.959 -1225.87 1.19069 39892.2
961000 307.252 1569.08 1.1998 39589.4
962000 313.762 -1008.7 1.19414 39776.9
963000 306.247 -799.071 1.18939 39935.8
964000 312.118 1675.59 1.18808 39979.8
965000 314.671 -1026.07 1.20283 39489.8
966000 314.522 -693.593 1.20062 39562.3
967000 318.881 -252.26 1.19988 39586.8
968000 317.544 1138.62 1.18464 40095.9
969000 309.943 -419.048 1.19326 39806.3
970000 319.38 972.891 1.20771 39330.1
971000 312.074 1259.65 1.19441 39767.9
972000 307.676 -1786.61 1.18634 40038.4
973000 309.612 1140.64 1.20698 39353.7
974000 315.643 1909.13 1.19757 39663.1
975000 311.735 -2187.09 1.18732 40005.7
976000 314.122 2087.56 1.21134 39212.2
977000 313.629 -1650.96 1.185 40083.7
978000 307.785 402.586 1.20351 39467.2
979000 309.318 -1184.51 1.19164 39860.3
980000 322.744 1648.78 1.19328 39805.6
981000 308.806 11.8699 1.20478 39425.8
982000 310.802 -2033.21 1.19613 39710.9
983000 305.856 494.413 1.19824 39640.8
984000 314.978 -1209.96 1.20487 39422.8
985000 309.306 1588.52 1.18636 40037.8
986000 310.358 234.402 1.19953 39598.2
987000 311.235 -1062.15 1.19908 39613.3
988000 313.913 -1132.03 1.20739 39340.4
989000 311.792 -500.414 1.19593 39717.5
990000 307.284 1991.66 1.20738 39341
991000 319.872 -1327.55 1.19586 39719.8
992000 309.48 1799.3 1.20501 39418.1
993000 313.872 1134.86 1.19825 39640.7
994000 308.682 559.967 1.20114 39545.3
995000 308.918 -70.9317 1.19703 39681
996000 318.686 -717.42 1.18736 40004.2
997000 313.528 -1018.45 1.20093 39552.1
998000 313.061 383.602 1.20159 39530.4
999000 307.276 -256.083 1.20131 39539.5
1000000 309.879 -1490.98 1.20114 39545.3
