# Time-averaged data for fix msd_out
# TimeStep c_msd_c[4]
17000000 1.1647
17005000 1.0244
17010000 0.868692
17015000 0.937852
17020000 0.999734
17025000 0.816948
17030000 0.620017
17035000 0.684601
17040000 0.73334
17045000 1.01735
17050000 0.986335
17055000 0.758485
17060000 0.868412
17065000 0.806827
17070000 0.851885
17075000 1.01033
17080000 1.02115
17085000 1.05605
17090000 0.946671
17095000 0.676339
17100000 0.945807
17105000 0.984841
17110000 0.752443
17115000 0.87069
17120000 0.925818
17125000 0.794376
17130000 0.876451
17135000 0.681375
17140000 1.28235
17145000 0.859718
17150000 0.882779
17155000 0.895232
17160000 0.995267
17165000 0.846073
17170000 0.817336
17175000 1.03929
17180000 0.793012
17185000 0.966838
17190000 1.0958
17195000 0.937486
17200000 0.982011
17205000 1.08706
17210000 0.973801
17215000 0.650284
17220000 0.760535
17225000 0.851653
17230000 0.81122
17235000 1.00631
17240000 1.01386
17245000 0.79154
17250000 0.751522
17255000 0.836466
17260000 0.841958
17265000 1.01824
17270000 0.746207
17275000 0.77729
17280000 0.769706
17285000 0.889839
17290000 0.681928
17295000 0.879686
17300000 0.783866
17305000 0.700465
17310000 0.803764
17315000 0.622622
17320000 0.963235
17325000 0.75467
17330000 1.09381
17335000 0.883071
17340000 0.801804
17345000 0.851586
17350000 0.960455
17355000 0.94037
17360000 0.904074
17365000 1.01047
17370000 0.795987
17375000 0.852207
17380000 0.858503
17385000 0.939089
17390000 1.04286
17395000 1.52378
17400000 0.828006
17405000 0.770514
17410000 1.23646
17415000 1.06172
17420000 1.06525
17425000 0.858365
17430000 0.910916
17435000 0.799071
17440000 0.889849
17445000 0.673633
17450000 0.710309
17455000 0.699024
17460000 0.745398
17465000 0.602669
17470000 0.713126
17475000 1.05474
17480000 0.716189
17485000 0.694985
17490000 0.596699
17495000 0.826483
17500000 0.752689
17505000 0.71574
17510000 0.628398
17515000 0.884414
17520000 0.757744
17525000 0.825088
17530000 1.12168
17535000 1.06183
17540000 0.784569
17545000 0.889794
17550000 0.863851
17555000 0.65899
17560000 1.10627
17565000 0.899938
17570000 0.948474
17575000 0.846544
17580000 0.826459
17585000 0.910575
17590000 0.778341
17595000 0.682913
17600000 0.797187
17605000 0.989868
17610000 0.987131
17615000 0.831
17620000 1.00803
17625000 0.92343
17630000 0.758467
17635000 0.868513
17640000 0.867971
17645000 0.709399
17650000 0.866218
17655000 0.919635
17660000 1.05972
17665000 0.824021
17670000 1.23666
17675000 0.757886
17680000 0.682912
17685000 0.88397
17690000 0.858556
17695000 0.85636
17700000 0.709001
17705000 0.634037
17710000 0.640844
17715000 0.562733
17720000 0.839638
17725000 0.846357
17730000 1.03497
17735000 0.786589
17740000 0.973703
17745000 0.654682
17750000 0.729491
17755000 0.881413
17760000 0.840015
17765000 0.830522
17770000 0.88615
17775000 0.964218
17780000 0.826862
17785000 1.00404
17790000 0.785469
17795000 0.838799
17800000 0.873291
17805000 0.811321
17810000 0.954692
17815000 0.815053
17820000 0.736878
17825000 0.855599
17830000 0.945399
17835000 0.944196
17840000 0.963527
17845000 0.942867
17850000 0.951731
17855000 0.790953
17860000 1.00458
17865000 0.850534
17870000 0.970775
17875000 0.781926
17880000 0.979757
17885000 1.08134
17890000 0.94736
17895000 0.953313
17900000 0.920505
17905000 0.844893
17910000 1.01071
17915000 0.742704
17920000 0.769877
17925000 0.809715
17930000 0.821896
17935000 0.921716
17940000 0.769043
17945000 0.772187
17950000 0.68468
17955000 1.05662
17960000 0.719387
17965000 0.692923
17970000 0.707556
17975000 1.17086
17980000 0.681041
17985000 1.07388
17990000 0.633407
17995000 1.37884
18000000 0.969644
18005000 0.730135
18010000 1.1092
18015000 0.801612
18020000 1.46709
18025000 0.733419
18030000 1.11379
18035000 0.844436
18040000 0.890361
18045000 0.890642
18050000 0.850072
18055000 1.06302
18060000 0.825628
18065000 0.93146
18070000 1.06055
18075000 0.8619
18080000 0.859924
18085000 0.780892
18090000 0.925097
18095000 0.977999
18100000 0.84394
18105000 1.01363
18110000 0.774098
18115000 0.857473
18120000 0.962053
18125000 0.966629
18130000 0.855841
18135000 0.861606
18140000 0.84517
18145000 0.762241
18150000 0.811634
18155000 0.753989
18160000 0.687914
18165000 0.777413
18170000 0.725803
18175000 0.890177
18180000 0.703724
18185000 1.07521
18190000 0.786595
18195000 0.830373
18200000 0.830742
18205000 0.968811
18210000 1.00729
18215000 1.28765
18220000 0.793824
18225000 0.789792
18230000 0.94752
18235000 0.890492
18240000 1.19405
18245000 1.00951
18250000 0.777066
18255000 0.897812
18260000 1.03999
18265000 0.896933
18270000 0.99594
18275000 0.935509
18280000 0.990492
18285000 0.933376
18290000 0.865116
18295000 0.716761
18300000 0.922681
18305000 0.961287
18310000 0.722405
18315000 0.767619
18320000 1.17049
18325000 0.732042
18330000 0.728158
18335000 0.997742
18340000 0.795773
18345000 0.797968
18350000 0.880005
18355000 1.00954
18360000 1.05333
18365000 0.964791
18370000 0.905318
18375000 0.741397
18380000 1.04664
18385000 0.812344
18390000 0.868394
18395000 0.800498
18400000 0.881322
18405000 0.856675
18410000 0.992326
18415000 0.779982
18420000 0.883108
18425000 0.793293
18430000 1.06571
18435000 0.804925
18440000 0.731797
18445000 0.896552
18450000 0.903788
18455000 0.749277
18460000 0.911982
18465000 1.03667
18470000 0.991868
18475000 0.941443
18480000 1.01954
18485000 1.28372
18490000 0.784588
18495000 0.887808
18500000 0.962319
18505000 0.819982
18510000 0.8358
18515000 0.739671
18520000 0.815989
18525000 0.649386
18530000 1.06125
18535000 0.618523
18540000 0.948305
18545000 0.737847
18550000 0.951983
18555000 0.857237
18560000 1.05509
18565000 0.853255
18570000 0.944264
18575000 0.788774
18580000 0.7967
18585000 0.833166
18590000 0.848148
18595000 0.964217
18600000 0.818612
18605000 0.822157
18610000 0.622698
18615000 0.920367
18620000 0.707617
18625000 0.865694
18630000 0.945484
18635000 0.689819
18640000 0.977034
18645000 0.816783
18650000 0.84126
18655000 1.01054
18660000 0.840221
18665000 1.25157
18670000 0.940615
18675000 0.870374
18680000 1.13457
18685000 0.977999
18690000 0.926593
18695000 0.819768
18700000 0.795799
18705000 0.843411
18710000 1.11312
18715000 0.788911
18720000 0.979769
18725000 0.887787
18730000 0.782839
18735000 1.07725
18740000 0.813459
18745000 0.741983
18750000 0.749453
18755000 0.805842
18760000 0.81378
18765000 1.44419
18770000 0.712903
18775000 1.13955
18780000 0.970386
18785000 1.07416
18790000 0.765104
18795000 0.821548
18800000 0.85281
18805000 0.795079
18810000 1.3006
18815000 0.992416
18820000 0.647163
18825000 0.835802
18830000 0.633631
18835000 0.977686
18840000 0.741578
18845000 0.784338
18850000 0.961485
18855000 1.01277
18860000 1.18338
18865000 0.785483
18870000 0.9892
18875000 0.935479
18880000 0.84648
18885000 0.757682
18890000 0.870306
18895000 0.693643
18900000 0.837893
18905000 0.794094
18910000 0.953592
18915000 1.16055
18920000 0.880426
18925000 0.970222
18930000 0.690883
18935000 0.923447
18940000 0.815065
18945000 0.930799
18950000 0.910273
18955000 0.972058
18960000 1.07907
18965000 1.18713
18970000 1.02692
18975000 0.88737
18980000 1.08705
18985000 0.853115
18990000 0.738889
18995000 1.0702
19000000 0.888883
19005000 0.727132
19010000 0.785073
19015000 0.574468
19020000 0.840724
19025000 0.898767
19030000 0.871575
19035000 0.982946
19040000 1.33889
19045000 0.884723
19050000 0.732307
19055000 0.980137
19060000 1.05282
19065000 0.884066
19070000 0.75529
19075000 0.902229
19080000 0.910379
19085000 0.847954
19090000 0.91486
19095000 0.799342
19100000 0.801685
19105000 0.949308
19110000 0.906757
19115000 0.846318
19120000 0.854765
19125000 0.760223
19130000 0.677504
19135000 0.825979
19140000 0.895653
19145000 0.933331
19150000 0.858687
19155000 0.722741
19160000 1.05841
19165000 0.992296
19170000 0.811921
19175000 1.26315
19180000 1.22754
19185000 1.0969
19190000 0.841656
19195000 0.983675
19200000 0.745475
19205000 1.16007
19210000 0.868741
19215000 0.944578
19220000 1.04211
19225000 0.791371
19230000 0.744946
19235000 0.90468
19240000 0.764375
19245000 0.80086
19250000 0.778186
19255000 0.70516
19260000 0.762645
19265000 0.754231
19270000 0.925289
19275000 1.42282
19280000 1.14359
19285000 1.00412
19290000 1.25183
19295000 0.867603
19300000 0.922984
19305000 0.865803
19310000 0.856246
19315000 0.993729
19320000 0.943852
19325000 0.960615
19330000 1.02563
19335000 0.879475
19340000 0.874659
19345000 0.983317
19350000 0.724691
19355000 0.889587
19360000 0.857986
19365000 0.937592
19370000 0.794673
19375000 1.36356
19380000 0.739627
19385000 0.67368
19390000 0.792953
19395000 0.813111
19400000 0.918729
19405000 0.801805
19410000 0.988195
19415000 0.821801
19420000 1.03981
19425000 0.71184
19430000 0.785716
19435000 0.934469
19440000 1.02609
19445000 0.98673
19450000 0.876106
19455000 0.862596
19460000 0.739575
19465000 0.868614
19470000 0.92155
19475000 1.13888
19480000 0.73202
19485000 1.1528
19490000 0.866643
19495000 0.944643
19500000 0.92174
19505000 0.872517
19510000 0.67112
19515000 0.79146
19520000 0.9411
19525000 0.884442
19530000 1.02953
19535000 0.987775
19540000 0.941468
19545000 0.821062
19550000 0.936991
19555000 0.850082
19560000 0.903868
19565000 0.778349
19570000 0.775235
19575000 0.93003
19580000 0.733925
19585000 0.752025
19590000 0.78822
19595000 0.962971
19600000 0.897025
19605000 0.797554
19610000 0.933406
19615000 0.713536
19620000 0.744028
19625000 1.08741
19630000 1.06019
19635000 0.875979
19640000 1.02611
19645000 0.853019
19650000 0.917596
19655000 0.945742
19660000 0.750369
19665000 0.949821
19670000 1.00905
19675000 0.756819
19680000 0.624059
19685000 0.836615
19690000 1.06167
19695000 1.13148
19700000 1.19995
19705000 0.540404
19710000 0.872184
19715000 0.774605
19720000 0.985782
19725000 0.754297
19730000 0.877525
19735000 0.942521
19740000 1.19046
19745000 0.764558
19750000 0.829367
19755000 0.756499
19760000 0.884976
19765000 0.661294
19770000 0.878013
19775000 0.885292
19780000 0.841183
19785000 0.896468
19790000 1.14027
19795000 1.12245
19800000 1.12392
19805000 0.924128
19810000 1.24404
19815000 0.684145
19820000 0.917451
19825000 1.01308
19830000 0.674044
19835000 0.778611
19840000 0.82003
19845000 0.934206
19850000 0.936398
19855000 0.927657
19860000 0.710663
19865000 1.0648
19870000 1.0434
19875000 0.953127
19880000 1.00996
19885000 0.921175
19890000 0.893773
19895000 0.681426
19900000 0.870131
19905000 0.938738
19910000 0.903257
19915000 0.909431
19920000 0.93615
19925000 1.09051
19930000 1.18158
19935000 0.908733
19940000 0.860594
19945000 0.975504
19950000 0.83672
19955000 0.824501
19960000 0.894893
19965000 0.832688
19970000 0.832273
19975000 0.829212
19980000 1.01592
19985000 0.800688
19990000 0.675373
19995000 0.983537
20000000 0.796326
