# Time-averaged data for fix data_out
# TimeStep c_thermo_temp c_thermo_press v_density v_vol
17000000 320.806 2514.45 1.19993 39585
17002000 314.081 -145.469 1.20739 39340.5
17004000 316.319 1241.89 1.20986 39260.1
17006000 304.077 -1713.76 1.21338 39146.2
17008000 307.618 441.846 1.20742 39339.6
17010000 313.83 -1571.39 1.21062 39235.6
17012000 304.805 -2406.92 1.20441 39437.9
17014000 315.348 1917.06 1.20161 39529.8
17016000 317.212 897.905 1.21295 39160.3
17018000 310.108 1113.31 1.20373 39460
17020000 310.022 692.615 1.20354 39466.4
17022000 314.653 883.863 1.21259 39171.7
17024000 320.194 2762.3 1.20737 39341.3
17026000 311.695 -1603.36 1.19571 39724.9
17028000 312.831 1110.81 1.19731 39671.6
17030000 315.801 59.8574 1.19997 39583.9
17032000 313.434 -1942.74 1.19978 39589.9
17034000 310.799 -571.362 1.20609 39382.9
17036000 311.59 -1303.09 1.20305 39482.5
17038000 313.399 -149.953 1.2012 39543.1
17040000 309.437 -808.227 1.20439 39438.6
17042000 312.55 650.977 1.20361 39464.2
17044000 314.845 575.756 1.20234 39505.7
17046000 315.976 2560.08 1.21017 39250.1
17048000 310.608 315.527 1.19753 39664.3
17050000 310.402 -730.551 1.21283 39163.9
17052000 314.084 658.286 1.20177 39524.5
17054000 320.094 -478.899 1.1972 39675.2
17056000 315.08 -1493.23 1.20376 39459.1
17058000 312.132 2060.32 1.20974 39264.2
17060000 313.721 -468.371 1.18965 39927
17062000 314.733 -836.477 1.20692 39355.8
17064000 312.135 -525.881 1.2049 39421.8
17066000 317.315 1860 1.21592 39064.4
17068000 306.168 -1781.97 1.19656 39696.5
17070000 316.563 239.137 1.19362 39794.2
17072000 312.449 113.948 1.1973 39672.1
17074000 315.856 1479 1.20439 39438.3
17076000 313.954 -1092.5 1.20325 39476
17078000 310.983 -533.66 1.20873 39296.9
17080000 314.844 1125.41 1.20175 39525
17082000 305.343 -1162.33 1.20376 39459.2
17084000 313.444 -723.408 1.19047 39899.5
17086000 304.761 -2636.38 1.19054 39897.4
17088000 314.134 -508.327 1.20786 39325.3
17090000 314.984 -3015.88 1.20347 39468.7
17092000 312.893 -896.083 1.20024 39574.8
17094000 318.449 -79.3027 1.19983 39588.5
17096000 319.024 132.035 1.20131 39539.6
17098000 310.117 1824.69 1.20875 39296.3
17100000 321.377 -2379.59 1.21641 39048.7
17102000 308.275 1196.57 1.20288 39487.9
17104000 307.759 1422.81 1.20043 39568.7
17106000 315.316 -14.6241 1.20514 39414
17108000 315.05 3084.96 1.2141 39123.1
17110000 308.975 -135.389 1.20897 39289
17112000 311.174 1953.16 1.20446 39436.3
17114000 311.76 -1012.79 1.19493 39750.8
17116000 315.634 1840.34 1.19969 39592.9
17118000 308.622 -49.0904 1.20756 39334.9
17120000 317.086 1434.17 1.20772 39329.8
17122000 318.573 -562.071 1.20278 39491.4
17124000 312.512 -1157.16 1.19533 39737.4
17126000 321.06 1984.77 1.20644 39371.5
17128000 305.32 1911.34 1.20307 39481.9
17130000 311.498 2057.46 1.20863 39300
17132000 311.372 -2149.98 1.19604 39713.8
17134000 307.504 -1649.36 1.20101 39549.5
17136000 327.754 26.4625 1.20995 39257.4
17138000 312.463 -2280.17 1.20105 39548.1
17140000 304.433 425.984 1.2241 38803.4
17142000 311.951 542.436 1.19829 39639.2
17144000 321.291 -746.821 1.20943 39274.1
17146000 305.642 -326.289 1.20062 39562.4
17148000 306.251 300.689 1.21416 39121.3
17150000 311.978 -2406.36 1.19578 39722.5
17152000 316.61 14.5637 1.19891 39618.6
17154000 318.649 1431.95 1.213 39158.4
17156000 319.454 838.311 1.21235 39179.6
17158000 314.996 -475.851 1.2146 39107
17160000 308.543 -255.068 1.20673 39362
17162000 323.397 -81.9038 1.19853 39631.4
17164000 313.207 1644.67 1.20855 39302.8
17166000 321.27 223.836 1.20394 39453.2
17168000 314.871 -2025.92 1.19399 39782
17170000 318.878 636.196 1.19787 39653.1
17172000 308.003 -1020.13 1.20454 39433.6
17174000 319.763 -1154.11 1.20195 39518.7
17176000 316.373 899.949 1.20975 39263.6
17178000 312.552 -440.766 1.21726 39021.6
17180000 310.755 766.768 1.19961 39595.6
17182000 313.028 -1502.64 1.21368 39136.6
17184000 310.763 845.788 1.20632 39375.5
17186000 314.872 -1074.28 1.19382 39787.6
17188000 309.668 -1094.94 1.20409 39448.3
17190000 317.63 1304.31 1.20464 39430.2
17192000 315.976 -825.454 1.20214 39512.2
17194000 314.908 1395.13 1.20459 39432
17196000 309.009 -14.8101 1.1952 39741.6
17198000 318.283 -1915.32 1.19406 39779.8
17200000 317.214 1638.85 1.2028 39490.6
17202000 316.264 1237.53 1.20992 39258.3
17204000 314.033 -210.212 1.19948 39600.1
17206000 318.363 -1074.11 1.20392 39454
17208000 315.326 3517.48 1.20927 39279.5
17210000 313.711 -17.2109 1.21221 39184
17212000 311.205 586.626 1.2008 39556.3
17214000 314.159 -834.428 1.2061 39382.5
17216000 312.831 1120.5 1.20485 39423.4
17218000 312.761 -1190.44 1.20139 39537
17220000 319.051 2303.24 1.20639 39373.3
17222000 311.998 -615.91 1.21673 39038.6
17224000 313.734 2006.73 1.19972 39592
17226000 305.217 -484.939 1.20645 39371.2
17228000 315.565 -22.6262 1.20984 39260.9
17230000 311.668 50.591 1.19783 39654.4
17232000 314.975 2524.9 1.20403 39450.3
17234000 312.769 1147.52 1.20325 39475.9
17236000 325.119 -495.409 1.21516 39089
17238000 312.602 -836.42 1.2004 39569.5
17240000 305.544 379.606 1.20827 39312
17242000 310.143 -2883.6 1.20578 39393.2
17244000 321.559 1018.68 1.20168 39527.5
17246000 312.595 889.151 1.205 39418.5
17248000 313.397 1528.09 1.20196 39518.2
17250000 315.651 -1908.16 1.20329 39474.7
17252000 310.555 -2294.35 1.20432 39440.7
17254000 307.445 -1213.51 1.19515 39743.4
17256000 312.503 -410.458 1.19368 39792.5
17258000 323.894 -1953.68 1.19827 39639.8
17260000 318.12 1468.02 1.20029 39573.2
17262000 313.027 201.921 1.19344 39800.5
17264000 315.377 328.97 1.19562 39727.7
17266000 316.052 2993.58 1.20123 39542.4
17268000 307.85 159.541 1.1921 39845
17270000 313.408 -23.3112 1.2056 39399
17272000 312.995 794.562 1.19825 39640.5
17274000 317.833 1530.54 1.201 39549.8
17276000 318.421 -1224.16 1.19876 39623.7
17278000 310.4 -355.771 1.20347 39468.8
17280000 309.019 -533.873 1.20581 39391.9
17282000 316.806 -1369.66 1.20227 39508.1
17284000 317.744 -1916.49 1.19327 39806.1
17286000 308.873 -1402.21 1.19842 39634.9
17288000 315.502 -2228.01 1.19545 39733.5
17290000 320.847 486.299 1.19249 39832.1
17292000 311.633 -253.753 1.20895 39289.6
17294000 310.442 2229.81 1.20939 39275.4
17296000 313.119 2515.42 1.20384 39456.7
17298000 315.169 -992.108 1.19625 39706.8
17300000 315.213 1530.81 1.18639 40036.8
17302000 317.186 -860.677 1.20575 39394.1
17304000 311.842 -112.539 1.21182 39196.8
17306000 314.146 -3243.22 1.19762 39661.4
17308000 314.488 1348.52 1.19832 39638.2
17310000 308.6 -518.775 1.20815 39315.9
17312000 313.605 -535.394 1.20808 39317.9
17314000 310.439 960.9 1.20485 39423.4
17316000 317.829 903.116 1.21557 39075.7
17318000 308.76 -2300.67 1.19911 39612.2
17320000 312.16 1928.46 1.20753 39336
17322000 312.296 -755.186 1.20353 39466.8
17324000 316.604 -245.052 1.19349 39798.7
17326000 310.606 1374.86 1.19462 39761
17328000 315.878 -1824.54 1.19319 39808.6
17330000 323.638 -1343.34 1.19651 39698.2
17332000 312.375 2294.06 1.20252 39499.7
17334000 320.681 -780.463 1.19738 39669.3
17336000 315.927 1190.43 1.20231 39506.9
17338000 307.517 1596.24 1.19438 39768.9
17340000 306.855 -171.398 1.20861 39300.8
17342000 313.298 -206.265 1.21219 39184.8
17344000 316.427 -2529.95 1.20103 39548.9
17346000 314.54 2094.84 1.1912 39875
17348000 310.879 -553.42 1.20285 39488.9
17350000 310.073 -718.54 1.20066 39561.1
17352000 315.937 -71.2257 1.20303 39483.2
17354000 317.95 -922.675 1.20672 39362.3
17356000 309.745 -138.855 1.20406 39449.4
17358000 307.335 -72.5275 1.19254 39830.5
17360000 309.822 -219.039 1.21019 39249.5
17362000 316.423 1657.53 1.20958 39269.3
17364000 314.295 608.734 1.21401 39125.9
17366000 311.839 412.144 1.21181 39197.1
17368000 315.36 153.435 1.20555 39400.6
17370000 316.962 -737.888 1.20335 39472.5
17372000 307.057 36.5922 1.20602 39385.2
17374000 307.588 841.523 1.19968 39593.2
17376000 314.541 -664.215 1.20424 39443.4
17378000 307.332 286.337 1.20566 39397
17380000 315.28 -835.739 1.21481 39100.3
17382000 312.921 -663.125 1.21103 39222.2
17384000 317.635 1105.23 1.21399 39126.8
17386000 314.689 -1136.57 1.20798 39321.4
17388000 320.862 -378.077 1.19416 39776.5
17390000 312.189 -1530.83 1.203 39483.9
17392000 314.694 -1971.88 1.18846 39967
17394000 307.224 991.312 1.20388 39455.3
17396000 318.952 427.436 1.20302 39483.3
17398000 310.252 1940.11 1.20029 39573.4
17400000 319.011 -163.807 1.20232 39506.4
17402000 312.075 2650.52 1.20041 39569.1
17404000 311.568 2490.62 1.20227 39508
17406000 307.032 636.631 1.21056 39237.5
17408000 311.742 592.24 1.20669 39363.2
17410000 311.635 -2062.66 1.20416 39446.2
17412000 314.264 -772.288 1.19903 39615
17414000 314.571 -1133.9 1.19627 39706.1
17416000 312.631 1656.39 1.20335 39472.6
17418000 313.449 1549.65 1.19891 39618.8
17420000 311.834 -1205.22 1.20992 39258.4
17422000 308.782 525.614 1.20746 39338.1
17424000 305.19 920.31 1.19965 39594.3
17426000 315.396 2292.81 1.196 39715.2
17428000 311.755 -156.305 1.21071 39232.5
17430000 314.588 -525.267 1.20407 39449.1
17432000 322.973 -47.6986 1.20571 39395.2
17434000 310.584 1323.53 1.20797 39321.6
17436000 313.571 -2503.42 1.1969 39685.2
17438000 317.751 -731.794 1.19413 39777.2
17440000 316.516 240.931 1.21233 39180.3
17442000 319.105 -679.649 1.21209 39188
17444000 312.364 2811.44 1.20166 39527.9
17446000 310.539 1457.17 1.21389 39129.7
17448000 311.521 -1114.95 1.20222 39509.6
17450000 314.51 -41.1439 1.19926 39607.2
17452000 314.322 -345.699 1.19421 39774.6
17454000 311.507 -379.331 1.20569 39396
17456000 313.427 -651.993 1.21225 39182.8
17458000 315.423 2162.37 1.20565 39397.2
17460000 315.297 -1211.49 1.19874 39624.3
17462000 320.291 -1424.56 1.21102 39222.6
17464000 316.286 967.202 1.1974 39668.7
17466000 312.367 491.483 1.19625 39707
17468000 316.405 710.95 1.20198 39517.7
17470000 317.582 -646.495 1.19949 39599.5
17472000 315.932 -24.1083 1.20601 39385.5
17474000 322.085 689.334 1.19835 39637.3
17476000 306.109 -1006.6 1.20408 39448.7
17478000 306.659 1481.16 1.20248 39501.1
17480000 316.566 2958.15 1.19745 39667.1
17482000 308.115 -156.676 1.20366 39462.3
17484000 317.133 1252.76 1.19059 39895.6
17486000 309.654 1951.22 1.20111 39546.2
17488000 314.516 1103.87 1.20172 39526.2
17490000 310.272 1107.74 1.19868 39626.5
17492000 317.518 272.474 1.20014 39578.1
17494000 313.692 -2603.14 1.19643 39700.8
17496000 316.496 -820.889 1.20502 39417.9
17498000 312.328 -1208 1.20258 39497.8
17500000 312.511 -908.058 1.19468 39759
17502000 315.782 -720.168 1.20535 39407.1
17504000 309.179 -567.847 1.20275 39492.2
17506000 313.501 192.102 1.20029 39573.4
17508000 309.31 -2379.51 1.2012 39543.3
17510000 311.361 -434.878 1.20672 39362.3
17512000 309.16 556.626 1.20068 39560.3
17514000 318.649 1362.91 1.22449 38791.2
17516000 312.734 2783.53 1.21061 39235.7
17518000 315.441 -869.755 1.20822 39313.6
17520000 315.518 -311.091 1.21164 39202.4
17522000 308.742 -516.44 1.20181 39523.2
17524000 314.213 -827.557 1.20756 39334.8
17526000 312.139 -888.278 1.21061 39235.8
17528000 307.451 1106.75 1.21394 39128.2
17530000 309.746 1363 1.21276 39166.3
17532000 316.591 -212.164 1.19549 39732.1
17534000 315.411 -2.40798 1.20309 39481.1
17536000 319.116 774.014 1.20222 39509.6
17538000 311.339 -234.774 1.20553 39401.3
17540000 311.556 -154.012 1.20222 39509.7
17542000 308.329 -401.705 1.20247 39501.6
17544000 308.811 -2270.52 1.19972 39592
17546000 325.822 -749.879 1.20354 39466.5
17548000 314.71 -1011.92 1.20664 39365
17550000 314.323 144.471 1.19794 39650.9
17552000 308.731 -219.846 1.19452 39764.4
17554000 313.639 -1159.76 1.2006 39563.2
17556000 313.164 42.3687 1.20013 39578.6
17558000 309.883 1865.87 1.1948 39754.9
17560000 313.374 1212.23 1.20383 39456.8
17562000 308.708 -2103.05 1.19808 39646.1
17564000 307.14 -1606.99 1.19146 39866.4
17566000 307.213 295.608 1.19036 39903.4
17568000 313.412 793.339 1.2083 39310.9
17570000 307.941 876.818 1.20956 39269.9
17572000 310.009 102.552 1.20378 39458.4
17574000 308.499 499.418 1.19849 39632.7
17576000 320.295 -1128.75 1.19576 39723.3
17578000 305.4 221.914 1.1746 40438.8
17580000 318.462 -1507.42 1.18776 39990.6
17582000 306.776 790.602 1.20036 39570.8
17584000 310.705 2122.45 1.20471 39428
17586000 317.331 -905.612 1.21172 39199.8
17588000 315.364 43.9934 1.20799 39321
17590000 317.133 -588.96 1.19642 39701.2
17592000 315.767 -1797.72 1.20372 39460.4
17594000 314.302 154.229 1.2125 39174.6
17596000 308.367 1178.79 1.20772 39329.6
17598000 306.332 464.414 1.19872 39625
17600000 313.621 -1048.4 1.20142 39536.2
17602000 318.404 1730.36 1.19437 39769.5
17604000 316.722 2575.55 1.20868 39298.5
17606000 314.603 -1532.33 1.19003 39914.3
17608000 304.722 -283.768 1.2012 39543.3
17610000 314.727 -1369.34 1.21503 39093.3
17612000 312.449 1825.99 1.20498 39419.3
17614000 320.56 1316.28 1.21115 39218.5
17616000 306.587 -999.919 1.20659 39366.5
17618000 312.605 1997.23 1.19684 39687.2
17620000 312.485 1579.23 1.19316 39809.7
17622000 314.396 76.9125 1.21136 39211.4
17624000 313.686 588.385 1.20763 39332.8
17626000 314.431 -3237.02 1.20743 39339.3
17628000 312.016 31.0088 1.19929 39606.3
17630000 321.784 922.817 1.20387 39455.6
17632000 313.977 155.453 1.19059 39895.8
17634000 318.628 -926.117 1.19641 39701.5
17636000 313.327 1759.97 1.19002 39914.6
17638000 311.447 1220.3 1.20471 39428.2
17640000 304.489 -687.961 1.20036 39571
17642000 316.305 841.099 1.20585 39390.8
17644000 312.095 -1107.18 1.20651 39369.4
17646000 313.515 -842.959 1.19737 39669.6
17648000 307.644 -1114.5 1.19651 39698.4
17650000 316.442 1294.07 1.19658 39696.1
17652000 314.076 2905.96 1.18957 39930
17654000 317.607 115.418 1.19575 39723.6
17656000 313.643 990.296 1.19476 39756.5
17658000 317.847 -2412.24 1.20203 39515.9
17660000 312.009 -666.601 1.19659 39695.5
17662000 313.991 1088.01 1.19573 39724.2
17664000 309.933 -406.389 1.19733 39671.1
17666000 320.295 2746.68 1.20459 39432
17668000 310.569 1208.73 1.19807 39646.7
17670000 318.786 -845.569 1.20993 39257.9
17672000 321.057 280.167 1.2088 39294.5
17674000 315.877 696.745 1.19974 39591.3
17676000 317.536 82.6652 1.20909 39285.1
17678000 315.501 1415.53 1.2089 39291.4
17680000 312.403 -67.8756 1.20102 39549.3
17682000 311.64 309.396 1.20189 39520.6
17684000 306.503 -9.6432 1.20236 39505.1
17686000 310.078 -428.455 1.20048 39567
17688000 315.464 -794.407 1.21085 39228.2
17690000 318.459 320.604 1.20031 39572.6
17692000 309.209 1097.38 1.19892 39618.6
17694000 313.38 -1466.47 1.20316 39478.9
17696000 318.436 1059.39 1.20136 39537.8
17698000 312.891 -810.324 1.19611 39711.6
17700000 305.933 -1757.87 1.19316 39809.8
17702000 308.219 2135.31 1.20399 39451.7
17704000 316.598 733.647 1.20453 39433.8
17706000 304.453 -82.2896 1.20817 39315.1
17708000 312.993 3055.43 1.21416 39121.1
17710000 322.641 1769.43 1.20113 39545.6
17712000 313.805 708.753 1.21162 39203.3
17714000 308.491 -1237.31 1.20102 39549.1
17716000 312.208 -669.464 1.21285 39163.3
17718000 317.751 2153.55 1.20179 39523.8
17720000 310.622 592.993 1.20326 39475.7
17722000 309.185 979.599 1.20331 39473.9
17724000 315.19 -128.673 1.20818 39314.9
17726000 311.412 371.341 1.20165 39528.6
17728000 315.999 706.089 1.20467 39429.5
17730000 313.943 -575.896 1.20664 39365.1
17732000 316.162 -177.726 1.20182 39522.8
17734000 318.449 -542.994 1.21527 39085.6
17736000 310.8 -1564.45 1.1927 39825.1
17738000 307.322 1175.84 1.20578 39393
17740000 309.928 2060.97 1.20418 39445.2
17742000 306.783 200.957 1.1977 39658.8
17744000 312.316 952.634 1.20412 39447.3
17746000 308.064 -989.885 1.20797 39321.8
17748000 307.043 -92.0516 1.20385 39456.1
17750000 319.628 -762.497 1.20028 39573.6
17752000 314.29 1539.26 1.20971 39265.2
17754000 312.972 1018.07 1.20529 39409
17756000 311.715 -615.658 1.2014 39536.7
17758000 313.789 1424.55 1.19357 39796
17760000 315.006 3477.4 1.21177 39198.2
17762000 310.03 -1068.2 1.20652 39368.9
17764000 308.077 270.764 1.20204 39515.5
17766000 312.944 -57.7409 1.20414 39446.8
17768000 310.865 -503.603 1.2014 39536.7
17770000 319.066 -1229.77 1.20509 39415.6
17772000 309.429 1372.84 1.20445 39436.6
17774000 320.759 -189.484 1.20506 39416.6
17776000 308.426 1219.05 1.20789 39324.1
17778000 311.978 -1112.34 1.21048 39240.1
17780000 321.237 -367.911 1.20149 39533.6
17782000 310.822 -721.532 1.21722 39022.8
17784000 316.198 -587.487 1.20345 39469.3
17786000 310.928 -615.001 1.19758 39662.7
17788000 313.135 -133.138 1.19948 39599.9
17790000 314.964 1370.05 1.19443 39767.4
17792000 312.498 772.784 1.1977 39658.9
17794000 316.244 105.35 1.20887 39292.2
17796000 314.648 -1547.67 1.19895 39617.5
17798000 312.925 399.015 1.21157 39204.7
17800000 319.284 1329.23 1.20198 39517.6
17802000 316.411 -42.6779 1.20045 39568
17804000 313.465 1047.18 1.20836 39308.8
17806000 318.915 -939.589 1.20686 39357.9
17808000 313.193 -1663 1.20429 39441.9
17810000 310.343 -225.334 1.20954 39270.5
17812000 310.168 1525.19 1.20087 39554.1
17814000 311.88 781.132 1.20154 39531.9
17816000 315.798 1792.24 1.21255 39172.9
17818000 314.881 -22.7398 1.20515 39413.8
17820000 319.099 -681.449 1.19324 39807.2
17822000 313.313 1751.93 1.20941 39274.8
17824000 310.658 -1762.49 1.21162 39203.3
17826000 313.155 -342.28 1.20865 39299.5
17828000 315.179 2381.57 1.20828 39311.6
17830000 314.436 1865.27 1.21466 39105.2
17832000 312.378 -1864.75 1.21134 39212.3
17834000 306.948 -9.25918 1.21468 39104.6
17836000 314.529 924.886 1.20304 39482.7
17838000 313.964 -1297.05 1.20275 39492.4
17840000 317.58 1326.7 1.20916 39283
17842000 321.916 1838.04 1.20066 39561.1
17844000 306.018 -379.475 1.20295 39485.6
17846000 318.501 -833.004 1.20389 39454.9
17848000 308.567 291.007 1.197 39681.9
17850000 315.28 460.488 1.20382 39457.1
17852000 309.673 579.959 1.19569 39725.5
17854000 317.881 862.776 1.2143 39116.5
17856000 304.692 -2386.4 1.20078 39556.9
17858000 314.529 161.523 1.20316 39478.9
17860000 319.792 1539.84 1.20592 39388.6
17862000 311.03 868.897 1.21012 39251.6
17864000 313.027 1499.26 1.21198 39191.5
17866000 312.247 287.665 1.20652 39369
17868000 313.121 -71.6644 1.20822 39313.6
17870000 311.621 -271.968 1.21165 39202.2
17872000 313.291 -214.24 1.21478 39101.1
17874000 323.776 2485.7 1.21535 39082.8
17876000 313.067 2799.11 1.20654 39368.1
17878000 317.294 583.606 1.19756 39663.4
17880000 312.726 -1292.26 1.19763 39661.1
17882000 317.187 -4263.59 1.19917 39610.1
17884000 306.768 -688.343 1.19047 39899.8
17886000 311.586 -2294.35 1.2128 39164.9
17888000 311.607 469.603 1.20591 39388.7
17890000 308.48 -165.025 1.19891 39618.8
17892000 312.303 1808.63 1.20253 39499.7
17894000 315.408 1791.13 1.20242 39503.1
17896000 317.147 -982.362 1.18669 40026.8
17898000 311.085 -941.12 1.20522 39411.2
17900000 312.953 960.747 1.21387 39130.7
17902000 306.506 -1585.5 1.19852 39631.8
17904000 314.036 -427.519 1.18431 40107
17906000 308.432 514.899 1.19397 39782.7
17908000 317.295 -737.02 1.20429 39441.8
17910000 312.198 93.7442 1.20911 39284.6
17912000 312.456 -399.844 1.19895 39617.4
17914000 313.188 1878.12 1.19903 39614.8
17916000 312.01 2135.06 1.19232 39837.7
17918000 305.637 -484.277 1.1994 39602.7
17920000 313.024 -1935.52 1.18969 39926
17922000 314.223 -1362.88 1.19921 39608.8
17924000 314.351 -1267.8 1.19867 39626.6
17926000 314.539 1489.19 1.19606 39713.1
17928000 315.457 -722.084 1.1948 39755.1
17930000 309.025 875.256 1.20017 39577.3
17932000 313.192 1619.01 1.19856 39630.5
17934000 306.821 47.7856 1.19743 39667.9
17936000 314.369 -1009.96 1.19533 39737.3
17938000 319.272 1051.51 1.19356 39796.5
17940000 316.602 509.035 1.20451 39434.6
17942000 312.652 425.025 1.19722 39674.6
17944000 323.189 -16.0141 1.20938 39275.8
17946000 310.318 -209.298 1.18568 40060.9
17948000 312.544 -31.4995 1.20812 39316.6
17950000 316.135 2028.21 1.20476 39426.5
17952000 314.551 1714.01 1.20624 39377.9
17954000 311.711 1016.55 1.20111 39546.1
17956000 315.383 950.183 1.20481 39424.7
17958000 313.352 1012.14 1.20616 39380.6
17960000 303.345 -3751.92 1.19245 39833.2
17962000 313.713 -1544.04 1.20804 39319.3
17964000 317.48 1201.55 1.20321 39477
17966000 311.524 -677.632 1.1859 40053.3
17968000 316.103 754.564 1.20756 39335
17970000 320.296 1568.03 1.1956 39728.5
17972000 314.528 -1123.86 1.20397 39452.4
17974000 316.621 504.727 1.20796 39321.9
17976000 303.986 -811.884 1.2053 39408.6
17978000 316.729 -516.735 1.19954 39598
17980000 305.422 171.911 1.19828 39639.7
17982000 310.636 -2448.75 1.19983 39588.3
17984000 315.036 189.529 1.21361 39138.8
17986000 312.648 341.252 1.20665 39364.6
17988000 312.407 620.46 1.1952 39741.7
17990000 315.261 -1383.05 1.20404 39450
17992000 312.127 -796.879 1.19601 39714.8
17994000 317.429 -1068.38 1.19117 39876.4
17996000 319.237 500.579 1.19889 39619.3
17998000 308.676 64.5425 1.19502 39747.7
18000000 313.551 1037.56 1.19724 39674
18002000 308.201 618.309 1.2075 39336.8
18004000 312.857 807.671 1.21254 39173.6
18006000 311.303 -1795.52 1.20566 39397
18008000 313.467 -893.663 1.20232 39506.4
18010000 317.247 1017.34 1.20126 39541.2
18012000 310.354 528.483 1.21378 39133.4
18014000 302.637 -964.445 1.20248 39501.3
18016000 313.036 -964.239 1.20407 39449.1
18018000 313.605 907.591 1.20055 39564.8
18020000 308.086 1603.94 1.20119 39543.5
18022000 310.768 -1402.5 1.20647 39370.5
18024000 312.262 98.1119 1.20248 39501.2
18026000 315.273 1907.18 1.20454 39433.7
18028000 311.152 -772.103 1.18774 39991.2
18030000 316.346 -1334.09 1.20525 39410.2
18032000 314.368 -2020.97 1.20065 39561.5
18034000 304.23 -547.084 1.19251 39831.2
18036000 313.054 2287.44 1.20825 39312.6
18038000 317.343 1207.95 1.20191 39520
18040000 305.769 2123.26 1.21002 39255.2
18042000 317.179 2509.9 1.20705 39351.5
18044000 308.37 -339.549 1.19775 39657.2
18046000 308.954 -917.537 1.2033 39474.4
18048000 320.432 -1013.95 1.20603 39385
18050000 308.257 2088.33 1.19067 39893
18052000 308.899 977.331 1.21541 39081
18054000 311.792 -419.495 1.20543 39404.5
18056000 316.271 -536.141 1.20499 39418.7
18058000 307.491 69.6393 1.19314 39810.5
18060000 313.992 2532.06 1.20691 39356.2
18062000 317.115 -329.394 1.20499 39418.8
18064000 314.29 -767.503 1.19779 39655.9
18066000 313.5 -334.596 1.19433 39770.6
18068000 313.754 1394.37 1.20433 39440.6
18070000 315.297 -501.25 1.20605 39384.4
18072000 314.161 -111.616 1.20328 39475
18074000 322.9 1713.2 1.20414 39446.7
18076000 311.824 -733.736 1.20201 39516.5
18078000 311.695 -1986.54 1.20629 39376.3
18080000 316.034 -477.052 1.20925 39280
18082000 313.055 -2033.01 1.2004 39569.6
18084000 308.709 509.341 1.20056 39564.2
18086000 317.948 1507.04 1.21218 39185.2
18088000 309.739 -333.866 1.2 39582.9
18090000 315.181 -1320.8 1.20308 39481.3
18092000 312.142 1082.35 1.19965 39594.4
18094000 316.42 -651.97 1.2038 39458
18096000 303.458 1454.71 1.19775 39657.1
18098000 305.918 46.7018 1.19767 39659.9
18100000 311.96 567.959 1.20874 39296.6
18102000 318.191 1193.91 1.20729 39343.7
18104000 319.129 -1038.22 1.2102 39249.2
18106000 309.502 -1132.06 1.20928 39279
18108000 321.692 -24.0594 1.20528 39409.4
18110000 315.675 -419.084 1.19928 39606.6
18112000 309.457 1249.66 1.19732 39671.3
18114000 314.384 2269.98 1.20073 39558.7
18116000 311.249 -993.151 1.20306 39482
18118000 311.879 -1607.88 1.19451 39764.7
18120000 314.351 378.605 1.20291 39487
18122000 316.73 -256.864 1.2041 39448.1
18124000 306.465 188.473 1.19842 39634.9
18126000 313.181 -821.466 1.20561 39398.6
18128000 313.194 -161.552 1.19692 39684.7
18130000 313.544 -692.805 1.2098 39262
18132000 311.077 -1.27137 1.20165 39528.4
18134000 311.008 -713.45 1.20795 39322.4
18136000 324.471 553.683 1.18917 39943.2
18138000 312.373 2580.34 1.20651 39369.3
18140000 303.504 -1022.9 1.20801 39320.4
18142000 312.831 1121.81 1.19916 39610.6
18144000 310.097 1742.11 1.19898 39616.3
18146000 316.19 277.461 1.20308 39481.3
18148000 312.624 -371.612 1.20739 39340.4
18150000 315.959 -689.603 1.19661 39694.8
18152000 313.175 -1402.3 1.19156 39863
18154000 315.197 617.618 1.19994 39584.9
18156000 310.566 -756.656 1.19829 39639.4
18158000 318.593 578.075 1.21254 39173.5
18160000 323.771 -1950.96 1.19702 39681.4
18162000 312.442 -10.1688 1.19965 39594.2
18164000 321.048 -519.494 1.20202 39516.2
18166000 314.192 -2728.95 1.18528 40074.5
18168000 322.461 870.896 1.18936 39936.9
18170000 315.584 944.926 1.1996 39596
18172000 316.632 -614.344 1.19647 39699.7
18174000 314.486 -1985.47 1.19505 39746.9
18176000 310.674 -1128.91 1.21126 39214.9
18178000 306.676 -430.469 1.21072 39232.4
18180000 317.592 -531.627 1.20416 39445.9
18182000 314.65 -905.268 1.20353 39466.8
18184000 319.289 -1482.12 1.19186 39853
18186000 317.359 1774.35 1.20612 39382
18188000 310.152 -561.113 1.20256 39498.4
18190000 310.395 561.161 1.20075 39557.9
18192000 314.345 268.779 1.21184 39196.2
18194000 315.202 908.37 1.20105 39548
18196000 308.798 14.9533 1.19556 39729.8
18198000 312.869 -1286.01 1.20627 39377.2
18200000 312.292 -637.906 1.20845 39306.1
18202000 314.071 -1054.27 1.20759 39334
18204000 313.58 -363.719 1.20471 39427.9
18206000 307.259 836.712 1.21052 39238.9
18208000 324.181 -43.4823 1.19943 39601.5
18210000 312.456 -158.316 1.20787 39324.9
18212000 318.944 -31.637 1.1971 39678.6
18214000 307.705 -661.055 1.20049 39566.7
18216000 318.046 -1934.26 1.20255 39498.7
18218000 308.57 652.205 1.19553 39730.8
18220000 314.301 2411.71 1.2019 39520.2
18222000 310.64 -270.32 1.20211 39513.4
18224000 313.179 -2448.19 1.20434 39440.2
18226000 318.577 -1367.18 1.20227 39508.1
18228000 316.337 864.723 1.21087 39227.4
18230000 312.865 863.568 1.20414 39446.6
18232000 317.159 878.936 1.20124 39541.9
18234000 308.223 1003.52 1.20765 39332.1
18236000 315.215 1522.96 1.20416 39446
18238000 322.108 -1987.78 1.2009 39553
18240000 313.053 1772.11 1.19726 39673.3
18242000 319.63 756.412 1.21199 39191.1
18244000 322.15 -1103.33 1.19373 39790.6
18246000 309.085 178.712 1.1998 39589.4
18248000 311.897 -85.9467 1.19649 39698.7
18250000 316.978 -1582.53 1.20587 39390
18252000 312.777 1455.44 1.20389 39454.8
18254000 316.029 -708.524 1.20103 39548.9
18256000 319.932 -350.3 1.20256 39498.5
18258000 310.214 -1974.01 1.20103 39548.9
18260000 310.624 -84.5232 1.20455 39433.4
18262000 311.457 1888.51 1.19627 39706.1
18264000 316.524 -877.246 1.2057 39395.6
18266000 318.824 -113.436 1.20204 39515.8
18268000 307.515 -639.838 1.19757 39663
18270000 315.485 2435.8 1.20376 39459.1
18272000 320.811 -926.269 1.20116 39544.5
18274000 310.583 -433.778 1.20432 39440.9
18276000 313.985 789.753 1.20417 39445.8
18278000 312.304 1166.31 1.20327 39475.3
18280000 307.301 545.258 1.20499 39418.7
18282000 317.264 -8.93312 1.21443 39112.3
18284000 320.291 2344.83 1.19971 39592.3
18286000 321.196 -905.661 1.20759 39333.9
18288000 309.212 765.655 1.21004 39254.4
18290000 312.127 -1799.13 1.20319 39477.9
18292000 312.327 -1786.44 1.19894 39617.8
18294000 311.784 -903.975 1.19468 39759
18296000 319.789 82.7627 1.19833 39637.8
18298000 309.415 -2099.21 1.20028 39573.7
18300000 308.691 477.728 1.20671 39362.6
18302000 306.89 -1033.1 1.20632 39375.3
18304000 312.12 1785.63 1.21337 39146.6
18306000 309.359 2577.96 1.20407 39449.1
18308000 319.294 -3071.01 1.20225 39508.8
18310000 316.024 -300.725 1.20028 39573.4
18312000 313.25 1956.98 1.19952 39598.8
18314000 312.781 1426.64 1.19787 39653.1
18316000 315.363 1860.19 1.19998 39583.3
18318000 322.999 751.86 1.21248 39175.3
18320000 317.911 -26.8839 1.20689 39356.7
18322000 321.6 736.074 1.21375 39134.5
18324000 315.849 -638.405 1.20508 39415.9
18326000 315.98 -1932.8 1.19727 39673.1
18328000 316.009 151.362 1.21248 39175.4
18330000 319.598 2155.71 1.21598 39062.6
18332000 305.246 1637.55 1.20245 39502.3
18334000 317.723 -733.764 1.20933 39277.3
18336000 312.944 -1939.32 1.20233 39506.1
18338000 313.329 -1161.63 1.19727 39673
18340000 311.527 -1318.82 1.19549 39732
18342000 317.106 1711.99 1.20336 39472.1
18344000 310.2 -1916.83 1.21166 39201.9
18346000 314.22 -453.106 1.20086 39554.4
18348000 306.829 1322.24 1.2171 39026.8
18350000 311.004 -1550.04 1.20918 39282.4
18352000 308.751 1468.17 1.21097 39224.3
18354000 315.283 -1345.41 1.20756 39334.9
18356000 323.329 -278.989 1.20089 39553.3
18358000 307.381 -2588.12 1.19783 39654.3
18360000 311.337 -654.779 1.20065 39561.4
18362000 314.658 -1220.1 1.20588 39389.9
18364000 310.356 168.096 1.19708 39679.5
18366000 315.022 -402.289 1.20001 39582.3
18368000 316.582 -1905.51 1.20108 39547.2
18370000 313.833 -580.297 1.21096 39224.7
18372000 302.699 -1160.01 1.20851 39304.2
18374000 312.815 -1102.25 1.20821 39313.9
18376000 309.795 -2289.66 1.21826 38989.5
18378000 314.9 -1115.37 1.20578 39393.1
18380000 308.859 977.12 1.2014 39536.5
18382000 318.063 1378.88 1.20613 39381.6
18384000 312.686 -459.923 1.19958 39596.6
18386000 319.282 968.846 1.19301 39814.7
18388000 318.435 1803.92 1.19777 39656.5
18390000 315.491 -2143.41 1.19054 39897.3
18392000 316.7 993.631 1.19647 39699.5
18394000 308.884 -927.393 1.21265 39169.9
18396000 310.958 -123.457 1.20762 39333.1
18398000 314.56 329.558 1.20044 39568.2
18400000 312.147 2614.8 1.20838 39308.2
18402000 318.3 -975.124 1.20428 39442
18404000 313.265 -296.223 1.20615 39381
18406000 311.426 -530.57 1.19615 39710.3
18408000 310.514 266.949 1.20511 39414.8
18410000 311.051 1939.68 1.20284 39489.4
18412000 307.367 740.306 1.19872 39625
18414000 311.804 181.227 1.19694 39684
18416000 315.704 -1159.88 1.19849 39632.7
18418000 318.585 1702.15 1.2099 39258.9
18420000 304.831 685.298 1.20926 39279.5
18422000 312.379 -270.738 1.19378 39789
18424000 310.106 -1186.38 1.20777 39328.3
18426000 316.814 -1722.77 1.19948 39599.9
18428000 316.232 1055.46 1.2003 39572.9
18430000 309.843 -516.895 1.1956 39728.4
18432000 302.779 -1443.09 1.20349 39468
18434000 310.375 -479.67 1.21058 39237
18436000 318.789 728.712 1.20286 39488.5
18438000 316.278 -892.529 1.1961 39711.7
18440000 314.936 -1074.56 1.19916 39610.5
18442000 312.853 596.658 1.19926 39607.3
18444000 309.017 1324.53 1.203 39484.2
18446000 317.165 355.01 1.1956 39728.4
18448000 308.618 -586.146 1.19382 39787.6
18450000 313.014 -2218.08 1.19465 39760.1
18452000 309.292 1111.63 1.20243 39502.9
18454000 318.82 -818.138 1.20962 39268.1
18456000 323.252 -2894.92 1.2029 39487.3
18458000 312.707 -2861.46 1.2049 39421.8
18460000 310.325 572.806 1.20082 39555.7
18462000 316.677 -145.33 1.20401 39450.8
18464000 309.571 1445.03 1.21303 39157.6
18466000 313.208 576.58 1.18245 40170.2
18468000 312.063 -210.113 1.19954 39598.1
18470000 304.835 -1554.31 1.20169 39527
18472000 319.466 764.573 1.20051 39566
18474000 309.318 1649.8 1.2038 39457.9
18476000 307.273 -1566.53 1.21184 39196
18478000 313.263 575.234 1.19966 39594.1
18480000 314.683 695.62 1.19267 39826.2
18482000 313.65 616.26 1.21137 39211.2
18484000 310.495 -752.276 1.20207 39514.7
18486000 313.014 -1561.74 1.19897 39616.7
18488000 318.572 770.274 1.21094 39225.3
18490000 307.286 918.952 1.19944 39601.2
18492000 312.439 -1202.06 1.20852 39303.6
18494000 317.172 -872.644 1.21791 39000.6
18496000 317.87 1890.82 1.19651 39698.4
18498000 314.672 142.337 1.2055 39402.3
18500000 318.37 -112.702 1.20299 39484.3
18502000 309.353 -604.768 1.19972 39591.9
18504000 313.479 -558.922 1.20872 39297.1
18506000 320.116 2024.55 1.20311 39480.4
18508000 313.24 -1561.35 1.20377 39458.9
18510000 315.047 -412.995 1.19382 39787.6
18512000 318.49 -331.549 1.19352 39797.7
18514000 314.766 664.462 1.19729 39672.2
18516000 303.865 -861.925 1.20726 39344.7
18518000 312.38 -1582.9 1.19538 39735.9
18520000 316.913 1687.93 1.20129 39540.1
18522000 310.776 1203.36 1.19577 39722.9
18524000 312.493 1664.63 1.19487 39752.8
18526000 308.324 -157.214 1.20026 39574.4
18528000 316.521 -1294.26 1.20266 39495.2
18530000 314.03 -1142.14 1.20464 39430.4
18532000 311.467 1236.08 1.20497 39419.4
18534000 308.505 -668.914 1.20266 39495.3
18536000 309.388 1138.98 1.2013 39539.9
18538000 315.863 1360.41 1.19795 39650.6
18540000 311.082 1511.03 1.20208 39514.3
18542000 310.635 -459.094 1.20202 39516.2
18544000 315.071 -1213.62 1.21 39255.7
18546000 314.524 -353.327 1.20088 39553.9
18548000 314.788 -422.194 1.20896 39289.6
18550000 310.73 1103 1.20472 39427.6
18552000 313.411 2156.52 1.1987 39625.6
18554000 313.522 -574.126 1.20036 39571
18556000 318 688.702 1.20471 39428.1
18558000 313.678 -2422.97 1.19944 39601.3
18560000 307.824 -47.966 1.2077 39330.3
18562000 320.057 -2074.7 1.20131 39539.6
18564000 314.241 587.516 1.20649 39369.8
18566000 310.637 3102.17 1.20198 39517.5
18568000 316.581 -860.944 1.21729 39020.6
18570000 311.985 613.896 1.20419 39444.9
18572000 308.862 -1669.95 1.19147 39866.2
18574000 311.902 -432.646 1.2077 39330.4
18576000 309.479 1342.2 1.20652 39368.9
18578000 309.473 -98.515 1.20147 39534.4
18580000 309.131 1466.48 1.19199 39848.8
18582000 315.167 2213.53 1.20729 39343.7
18584000 316.542 344.969 1.21317 39153.2
18586000 311.564 1739.82 1.20365 39462.8
18588000 304.606 52.1686 1.20286 39488.7
18590000 316.29 612.799 1.19408 39779
18592000 315.946 282.585 1.21053 39238.5
18594000 305.98 -260.612 1.21225 39182.9
18596000 316.549 1208.74 1.19066 39893.3
18598000 312.397 -84.6019 1.20304 39482.9
18600000 321.38 -1300.43 1.19991 39585.9
18602000 312.366 782.374 1.19942 39602
18604000 322.941 -1131.78 1.20112 39545.7
18606000 319.27 403.489 1.20707 39351
18608000 320.603 3039.25 1.21158 39204.4
18610000 311.684 -220.174 1.20959 39268.9
18612000 314.553 -340.461 1.21347 39143.4
18614000 308.117 1224.87 1.20876 39296
18616000 313.4 -1087.72 1.21789 39001.5
18618000 314.737 92.5913 1.20226 39508.4
18620000 313.789 -359.062 1.20323 39476.4
18622000 312.855 2484.02 1.21175 39198.9
18624000 315.314 -821.981 1.21183 39196.2
18626000 320.817 -1140.72 1.20093 39552.1
18628000 308.962 1783.05 1.2044 39438.3
18630000 312.212 -736.808 1.21685 39034.8
18632000 312.014 1059.41 1.20318 39478.1
18634000 312.82 103.16 1.20593 39388.3
18636000 314.532 -1346.6 1.19727 39673
18638000 305.492 1048.56 1.20158 39530.7
18640000 316.09 -3074.74 1.20843 39306.6
18642000 314.351 1146.97 1.20291 39487.2
18644000 308.71 -46.0222 1.19308 39812.5
18646000 309.342 499.26 1.20225 39508.9
18648000 310.498 3014.83 1.20149 39533.7
18650000 311.068 1420.81 1.20361 39463.9
18652000 313.518 1141.8 1.20766 39331.7
18654000 313.396 1239.19 1.21488 39097.8
18656000 311.304 107.722 1.19191 39851.4
18658000 316.776 1023.63 1.20649 39370
18660000 316.449 76.9859 1.19751 39665
18662000 310.144 -1039.14 1.19922 39608.6
18664000 311.574 93.2844 1.19806 39647
18666000 315.747 1872.24 1.21693 39032.1
18668000 313.732 628.504 1.21465 39105.4
18670000 307.02 1237.5 1.20598 39386.5
18672000 316.581 608.192 1.20069 39559.9
18674000 318.072 2438.73 1.20168 39527.4
18676000 314.004 661.39 1.20477 39426.1
18678000 313.144 784.896 1.19475 39756.7
18680000 315.905 683.83 1.19739 39669.1
18682000 309.969 879.52 1.20716 39348.2
18684000 310.985 -1517.45 1.19875 39624.1
18686000 306.511 -1658.67 1.19751 39665
18688000 311.58 -865.929 1.2005 39566.3
18690000 304.277 -1054.89 1.20202 39516.4
18692000 310.504 2411.29 1.19639 39702.3
18694000 312.795 2528.95 1.21383 39131.7
18696000 305.928 -700.39 1.20095 39551.6
18698000 317.39 862.097 1.2061 39382.5
18700000 316.075 -1310.33 1.21266 39169.5
18702000 310.227 -2419.8 1.19478 39755.7
18704000 312.106 647.426 1.19106 39879.9
18706000 310.138 -1508.54 1.19844 39634.3
18708000 318.017 281.55 1.20465 39430.1
18710000 315.268 -763.129 1.19128 39872.4
18712000 318.425 -662.751 1.19457 39762.8
18714000 308.532 -1502.1 1.20913 39283.7
18716000 314.677 2536.39 1.21188 39194.9
18718000 317.257 1723.64 1.20419 39445
18720000 315.912 1082.13 1.20145 39535.2
18722000 308.227 1684.11 1.2157 39071.6
18724000 316.023 1343.26 1.20969 39265.8
18726000 312.702 -86.7758 1.20516 39413.2
18728000 306.784 165.478 1.20359 39464.7
18730000 315.223 122.272 1.20755 39335.3
18732000 315.807 -181.658 1.19407 39779.5
18734000 303.958 2227.95 1.20837 39308.7
18736000 311.155 -441.448 1.20268 39494.5
18738000 317.94 850.927 1.19817 39643.3
18740000 317.836 -792.086 1.19165 39860.1
18742000 314.491 -868.957 1.20303 39483.1
18744000 317.024 -734.775 1.19844 39634.3
18746000 311.863 1103.23 1.20746 39338.2
18748000 314.758 916.173 1.20963 39267.7
18750000 326.381 -667.62 1.19754 39664
18752000 314.272 1043.49 1.20816 39315.4
18754000 311.581 -645.876 1.20304 39482.9
18756000 318.038 -1807.24 1.2014 39536.7
18758000 308.587 1392.02 1.20355 39465.9
18760000 307.03 1152.85 1.20453 39433.8
18762000 318.282 312.36 1.20221 39510
18764000 315.09 -1719.91 1.19514 39743.8
18766000 310.6 950.531 1.20888 39291.9
18768000 312.314 -1786.07 1.19541 39734.6
18770000 317.191 580.488 1.2032 39477.5
18772000 318.929 896.223 1.20451 39434.6
18774000 309.626 -119.432 1.20219 39510.7
18776000 313.148 3200.61 1.20921 39281.2
18778000 308.312 -843.467 1.20745 39338.4
18780000 311.486 575.631 1.21063 39235.1
18782000 310.96 858.047 1.2099 39258.9
18784000 310.454 -114.267 1.20804 39319.4
18786000 311.036 -930.571 1.21268 39168.9
18788000 308.674 -2155.89 1.19175 39856.7
18790000 317.576 767.924 1.19922 39608.5
18792000 306.291 1687.02 1.20185 39521.8
18794000 317.74 -74.2582 1.20588 39389.7
18796000 308.73 -382.573 1.20365 39462.7
18798000 316.689 -1479.7 1.20677 39360.7
18800000 313.336 732.309 1.18672 40025.8
18802000 315.933 -3960.73 1.20254 39499
18804000 321.264 -10.879 1.20108 39547.2
18806000 309.113 380.102 1.20219 39510.6
18808000 315.956 878.206 1.20193 39519.1
18810000 313.362 543.578 1.19375 39789.9
18812000 308.645 52.2878 1.19478 39755.6
18814000 315.575 522.88 1.20491 39421.5
18816000 306.961 2237.76 1.20846 39305.5
18818000 313.592 -750.945 1.20526 39409.9
18820000 311.774 -355.277 1.19904 39614.4
18822000 312.484 -2049.68 1.20531 39408.3
18824000 313.334 990.346 1.21137 39211.2
18826000 309.43 396.978 1.20957 39269.5
18828000 315.505 201.566 1.21254 39173.4
18830000 311.81 -646.84 1.19368 39792.5
18832000 308.162 883.375 1.20633 39375.2
18834000 307.786 -409.717 1.20702 39352.6
18836000 311.428 41.0625 1.1999 39586.2
18838000 314.921 2.71287 1.19188 39852.6
18840000 312.324 -1463.91 1.20084 39554.9
18842000 314.645 1233.94 1.20692 39355.8
18844000 315.026 1456.72 1.2043 39441.3
18846000 313.867 941.205 1.20866 39299.1
18848000 319.046 -453.331 1.20435 39440
18850000 313.776 -1201.1 1.20711 39349.7
18852000 311.844 86.5924 1.20152 39532.7
18854000 314.835 1228.24 1.21663 39041.8
18856000 309.608 -296.459 1.19834 39637.5
18858000 312.352 -776.706 1.20148 39534.1
18860000 312.341 589.078 1.21084 39228.5
18862000 314.125 313.115 1.19968 39593.3
18864000 305.473 2861.66 1.20179 39523.7
18866000 311.797 1385.51 1.20239 39504.1
18868000 309.588 -8.69507 1.20329 39474.4
18870000 314.925 -1156.04 1.19739 39669.1
18872000 315.769 399.648 1.19863 39628
18874000 311.154 124.554 1.19924 39608
18876000 313.558 -2326.22 1.20891 39291.2
18878000 310.868 -767.27 1.19939 39602.8
18880000 314.475 1613.94 1.2087 39297.7
18882000 309.411 -710.379 1.20607 39383.7
18884000 304.905 -12.3021 1.21027 39247
18886000 316.539 2104.02 1.19416 39776.4
18888000 303.977 563.046 1.20018 39576.7
18890000 314.664 2445.31 1.19874 39624.3
18892000 317.889 -275.525 1.21032 39245.4
18894000 310.543 141.461 1.20423 39443.6
18896000 315.77 -1229.17 1.20604 39384.5
18898000 307.076 2212.97 1.19532 39737.9
18900000 314.266 -1685.18 1.20893 39290.4
18902000 309.08 -1919.6 1.19842 39634.9
18904000 315.052 115.242 1.21127 39214.5
18906000 312.569 -1973.72 1.20043 39568.5
18908000 309.96 319.35 1.20962 39268
18910000 311.913 -529.694 1.20767 39331.3
18912000 321.131 -268.918 1.208 39320.7
18914000 315.363 -101.796 1.19388 39785.6
18916000 309.849 124.796 1.19813 39644.7
18918000 311.682 -248.952 1.19776 39657
18920000 315.154 489.046 1.20574 39394.2
18922000 314.08 696.696 1.20985 39260.6
18924000 310.162 14.4596 1.19975 39591
18926000 312.171 1598.88 1.21155 39205.4
18928000 317.029 1039.42 1.20143 39535.7
18930000 316.643 -722.77 1.19885 39620.8
18932000 310.6 393.504 1.2022 39510.3
18934000 313.335 -1917.3 1.18984 39920.7
18936000 309.232 -2367.76 1.19344 39800.4
18938000 313.565 1799.46 1.19744 39667.5
18940000 312.781 295.071 1.20216 39511.5
18942000 309.386 94.3412 1.21057 39237.3
18944000 306.484 593.449 1.19859 39629.4
18946000 315.61 -473.828 1.20367 39462.1
18948000 316.063 -2933.68 1.19028 39906.1
18950000 311.32 1946.45 1.20082 39555.8
18952000 313.542 -1226.59 1.18907 39946.5
18954000 314.435 2759.44 1.19422 39774.3
18956000 310.769 973.207 1.20209 39514
18958000 321.079 -1519.01 1.18878 39956.5
18960000 321.099 582.081 1.20427 39442.6
18962000 317.982 918.132 1.20246 39501.9
18964000 312.081 -355.314 1.19815 39643.7
18966000 308.163 -444.098 1.19757 39663.1
18968000 312.063 1163.88 1.20503 39417.5
18970000 312.432 433.273 1.20897 39289.1
18972000 302.541 1531.9 1.20735 39341.9
18974000 316.625 -1107.15 1.21191 39193.9
18976000 311.994 769.87 1.20762 39333.1
18978000 307.4 -1274.74 1.20601 39385.5
18980000 310.434 385.121 1.19969 39592.9
18982000 312.906 -20.6534 1.20333 39473.3
18984000 316.475 1289.44 1.20867 39298.9
18986000 317.518 1602.12 1.20316 39478.8
18988000 317.956 -1533.32 1.20489 39422.2
18990000 313.848 -1992.24 1.20201 39516.5
18992000 313.609 1479.2 1.20228 39507.8
18994000 315.218 523.258 1.20914 39283.5
18996000 311.216 1592.75 1.20811 39317
18998000 317.858 -103.218 1.20632 39375.3
19000000 310.331 -1235.74 1.20096 39551.2
19002000 310.491 -202.082 1.20358 39464.9
19004000 314.61 1348.98 1.19954 39598.1
19006000 323.663 767.096 1.20508 39415.8
19008000 311.42 764.252 1.21555 39076.4
19010000 312.275 817.045 1.19948 39599.9
19012000 316.367 -587.71 1.21004 39254.3
19014000 308.779 -160.848 1.19561 39728
19016000 317.792 -318.536 1.1989 39619.2
19018000 313.96 -1524.73 1.20425 39443.1
19020000 315.684 -2024.7 1.19756 39663.4
19022000 310.731 420.154 1.20118 39544
19024000 307.566 487.393 1.19537 39736.2
19026000 320.077 -796.638 1.19672 39691.4
19028000 307.144 -1724.17 1.20171 39526.5
19030000 305.534 581.637 1.1932 39808.2
19032000 313.445 -1782.1 1.19531 39738.2
19034000 312.724 -617.602 1.1944 39768.3
19036000 314.208 -1627 1.20639 39373
19038000 315.011 -1679.27 1.20216 39511.6
19040000 316.538 1957.96 1.21067 39234
19042000 304.83 -100.184 1.20036 39571.1
19044000 319.527 -397.502 1.2033 39474.1
19046000 304.77 -481.349 1.20577 39393.4
19048000 313.739 -444.288 1.22096 38903.4
19050000 312.448 -322.18 1.19766 39660.1
19052000 311.786 -341.112 1.20301 39483.6
19054000 309.031 -1714.23 1.20499 39419
19056000 308.103 1778.7 1.20721 39346.3
19058000 312.962 -1758.38 1.20381 39457.6
19060000 313.526 174.05 1.1997 39592.7
19062000 311.51 -1329.49 1.19576 39723.1
19064000 315.682 1413.27 1.20629 39376.4
19066000 312.62 1502.81 1.20732 39342.6
19068000 313.203 -1059.01 1.21289 39162.1
19070000 311.426 80.1 1.20247 39501.3
19072000 309.443 -538.959 1.19996 39584.1
19074000 314.441 893.004 1.1968 39688.8
19076000 318.631 3065.88 1.20801 39320.5
19078000 317.269 98.4509 1.2072 39346.8
19080000 312.518 -471.262 1.20598 39386.6
19082000 317.787 -196.813 1.20389 39454.9
19084000 317.703 183.129 1.19317 39809.4
19086000 311.021 -430.454 1.20603 39384.8
19088000 309.703 1837.26 1.20959 39268.8
19090000 309.186 2109.53 1.20259 39497.5
19092000 313.711 -192.868 1.20658 39366.8
19094000 306.658 1507.09 1.20377 39458.9
19096000 315.981 976.571 1.20582 39391.7
19098000 312.332 -628.626 1.1994 39602.7
19100000 314.604 843.71 1.20496 39419.7
19102000 309.381 650.422 1.20345 39469.4
19104000 317.332 731.441 1.20139 39537
19106000 311.727 -1353.84 1.19968 39593.3
19108000 320.2 531.959 1.1976 39662.1
19110000 313.39 -53.2102 1.20521 39411.7
19112000 310.986 308.908 1.19454 39763.7
19114000 312.929 -1377.13 1.19782 39654.8
19116000 317.633 -374.452 1.20583 39391.3
19118000 312.515 2342.69 1.21381 39132.5
19120000 314.546 -1361.57 1.2022 39510.2
19122000 313.726 -1452.64 1.18709 40013.1
19124000 316.392 -305.722 1.20282 39489.9
19126000 311.506 693.29 1.19481 39754.8
19128000 316.508 -1060.05 1.20236 39505
19130000 312.138 2643.22 1.19459 39762.1
19132000 319.749 843.46 1.20228 39507.8
19134000 316.458 2149.17 1.20705 39351.5
19136000 314.752 399.254 1.19711 39678.4
19138000 317.747 -1302.55 1.20691 39356.3
19140000 308.973 7.34424 1.20698 39354
19142000 313.04 -339.111 1.1956 39728.4
19144000 312.797 1668.77 1.19927 39607
19146000 312.984 656.709 1.19914 39611.2
19148000 317.744 1314.11 1.21494 39095.9
19150000 310.123 1104.83 1.20804 39319.4
19152000 310.023 1495.24 1.20704 39351.9
19154000 313.664 -322.72 1.19723 39674.3
19156000 311.477 1124.58 1.20469 39428.6
19158000 317.189 1299.54 1.20569 39396.1
19160000 314.881 756.087 1.19535 39736.9
19162000 308.472 1238.73 1.19263 39827.3
19164000 313.922 2081.36 1.20626 39377.5
19166000 309.859 -937.136 1.20113 39545.5
19168000 320.064 -1333.04 1.20049 39566.8
19170000 312.269 1623.76 1.20693 39355.4
19172000 318.406 -3010.17 1.19996 39584.2
19174000 311.659 1799.66 1.20259 39497.5
19176000 313.758 1085.85 1.21323 39151
19178000 317.647 1394.97 1.20582 39391.8
19180000 312.598 1357.13 1.21165 39202.1
19182000 315.807 182.958 1.20307 39481.7
19184000 306.584 -1411.91 1.19417 39775.9
19186000 314.476 350.882 1.20404 39449.9
19188000 326.437 690.962 1.20297 39484.9
19190000 313.018 913.803 1.2074 39340.1
19192000 309.375 17.7648 1.19126 39873.3
19194000 312 -486.353 1.19511 39744.8
19196000 304.409 -2081.32 1.19886 39620.3
19198000 312.125 -1086.48 1.19028 39906.2
19200000 312.544 65.0528 1.19566 39726.4
19202000 312.372 1435.31 1.20251 39500.2
19204000 315.976 1014.28 1.20549 39402.4
19206000 307.121 102.816 1.21072 39232.3
19208000 316.457 -1611.38 1.19714 39677.3
19210000 308.716 368.101 1.20186 39521.6
19212000 309.967 -1069.29 1.20624 39377.9
19214000 318.485 -1025.08 1.20773 39329.3
19216000 313.164 -1600.36 1.20098 39550.4
19218000 313.698 -423.743 1.19504 39747
19220000 318.527 -334.542 1.20653 39368.6
19222000 313.885 -1125.01 1.20272 39493.4
19224000 315.063 -2939.33 1.19784 39654.2
19226000 311.855 -40.9714 1.21003 39254.7
19228000 316.58 987.944 1.20483 39424
19230000 313.986 -964.18 1.19749 39665.7
19232000 314.586 -1023.86 1.20079 39556.6
19234000 311.842 -3369.67 1.20689 39356.7
19236000 323.256 -313.086 1.19902 39615.2
19238000 314.279 -1566.67 1.19873 39624.6
19240000 316.946 189.373 1.19782 39654.7
19242000 314.698 -783.336 1.20175 39525.1
19244000 315.317 1035.03 1.22734 38701
19246000 316.548 211.938 1.2038 39457.7
19248000 319.083 695.875 1.19716 39676.6
19250000 308.722 1070.93 1.20033 39571.9
19252000 319.279 2293.1 1.19936 39603.9
19254000 312.25 853.135 1.19993 39585.2
19256000 313.546 -1193.61 1.19671 39691.7
19258000 308.698 -1664.73 1.19488 39752.4
19260000 315.761 -190.492 1.21168 39201.2
19262000 313.169 555.374 1.19889 39619.6
19264000 310.1 915.321 1.20779 39327.5
19266000 321.319 644.363 1.19786 39653.3
19268000 307.973 -1341.1 1.19865 39627.2
19270000 313.381 214.25 1.20877 39295.7
19272000 318.454 622.218 1.20622 39378.6
19274000 312.979 -1331.24 1.19264 39827.1
19276000 313.558 -802.47 1.2059 39389
19278000 312.319 879.646 1.1957 39725.3
19280000 312.51 -3697.32 1.19685 39687.1
19282000 313.472 -3068.76 1.20322 39476.9
19284000 312.818 -1299.07 1.20705 39351.7
19286000 316.359 -568.133 1.20409 39448.2
19288000 315.245 1028.33 1.20331 39474
19290000 306.095 933.692 1.19166 39860
19292000 314.572 -2066.33 1.20068 39560.3
19294000 307.756 -2442.48 1.19952 39598.5
19296000 308.084 -128.071 1.19716 39676.7
19298000 318.425 2382.33 1.2068 39359.9
19300000 320.585 -3123.57 1.19662 39694.5
19302000 311.434 -2835.42 1.21517 39088.7
19304000 309.72 1774.89 1.19512 39744.5
19306000 313.801 -1129.41 1.19509 39745.5
19308000 309.09 -894.061 1.19664 39693.9
19310000 315.814 724.547 1.20811 39317.1
19312000 313.476 -58.8745 1.20395 39452.8
19314000 311.002 -135.28 1.2124 39178
19316000 314.417 772.458 1.20792 39323.1
19318000 316.808 -469.04 1.2036 39464.4
19320000 307.867 -578.426 1.19876 39623.6
19322000 313.029 -1632.46 1.20059 39563.4
19324000 302.707 -2186.74 1.20768 39331.2
19326000 315.127 640.733 1.19308 39812.4
19328000 313.358 184.515 1.21169 39200.8
19330000 310.226 -3200.1 1.20733 39342.5
19332000 313.473 1218.46 1.20391 39454.2
19334000 306.982 2731.61 1.19915 39610.7
19336000 308.377 -385.265 1.20421 39444.2
19338000 315.759 -305.268 1.20748 39337.7
19340000 314.459 1300.65 1.20193 39519.2
19342000 314.206 1954.92 1.20289 39487.7
19344000 313.989 173.771 1.20304 39482.9
19346000 310.206 -1768.77 1.19193 39850.8
19348000 314.154 1786.27 1.20062 39562.3
19350000 314.601 1517.32 1.2044 39438.2
19352000 315.611 991.383 1.19893 39618.1
19354000 320.321 -952.042 1.2054 39405.5
19356000 310.202 749.168 1.20363 39463.3
19358000 312.125 819.913 1.20226 39508.4
19360000 313.116 338.126 1.19476 39756.4
19362000 303.286 1448.93 1.19731 39671.6
19364000 319.352 -1112.01 1.20206 39514.8
19366000 311.688 -907.398 1.20062 39562.4
19368000 310.412 856.472 1.19426 39773.1
19370000 307.99 108.909 1.20402 39450.6
19372000 310.226 -1148.64 1.19881 39622.1
19374000 316.399 163.159 1.21083 39228.9
19376000 308.653 1121.48 1.20517 39413
19378000 309.442 -94.7776 1.20764 39332.2
19380000 307.395 687.868 1.20792 39323.1
19382000 322.45 810.681 1.20184 39522.1
19384000 313.303 -143.002 1.19234 39837.2
19386000 312.643 -1699.69 1.20074 39558.4
19388000 312.868 -254.422 1.1956 39728.5
19390000 319.09 -1614.56 1.19435 39770.1
19392000 311.463 1757.23 1.21304 39157.3
19394000 310.282 1478.33 1.2077 39330.5
19396000 309.857 30.0832 1.2035 39467.5
19398000 310.017 938.084 1.19924 39608
19400000 317.052 -106.288 1.20101 39549.6
19402000 312.308 -1945.97 1.20111 39546.2
19404000 312.169 -374.421 1.19294 39816.9
19406000 316.321 -937.405 1.18532 40073
19408000 316.668 -1914.59 1.1934 39801.6
19410000 312.771 1286.88 1.18945 39934
19412000 309.889 1390.33 1.20223 39509.3
19414000 313.837 -939.338 1.20644 39371.6
19416000 309.545 -2141.62 1.2041 39447.9
19418000 314.978 -178.499 1.19651 39698.3
19420000 308.936 -143.836 1.18432 40106.7
19422000 314.636 1175.39 1.20767 39331.5
19424000 312.336 343.959 1.20292 39486.7
19426000 313.919 2109.37 1.20393 39453.5
19428000 305.08 -77.4251 1.2081 39317.3
19430000 316.045 -732.236 1.19379 39788.6
19432000 311.218 -1937.21 1.19599 39715.5
19434000 315.329 -635.527 1.20262 39496.4
19436000 312.906 367.725 1.20564 39397.7
19438000 311.276 -596.126 1.20901 39287.7
19440000 319.033 168.882 1.20214 39512.3
19442000 301.462 548.457 1.19885 39620.7
19444000 307.983 476.579 1.20747 39337.9
19446000 322.113 858.509 1.20406 39449.2
19448000 310.643 -255.773 1.20265 39495.6
19450000 313.58 -412.62 1.20522 39411.4
19452000 308.934 1132.65 1.2028 39490.7
19454000 320.136 -2689.23 1.19062 39894.7
19456000 309.813 450.496 1.19922 39608.6
19458000 315.978 -3172.95 1.19699 39682.2
19460000 313.2 300.349 1.19229 39838.9
19462000 307.352 -1838.4 1.19393 39783.9
19464000 313.41 -1975.8 1.19577 39722.7
19466000 309.547 -1752.26 1.20231 39506.9
19468000 314.696 -1032.48 1.20038 39570.1
19470000 319.069 637.902 1.20765 39332
19472000 313.752 990.07 1.19912 39611.7
19474000 317.594 1114.61 1.20437 39439.3
19476000 314.664 -364.253 1.19866 39627.1
19478000 305.031 -481.185 1.19585 39720.2
19480000 316.15 -393.476 1.20101 39549.4
19482000 317.732 412.65 1.19305 39813.3
19484000 308.31 79.7702 1.2023 39507.1
19486000 312.071 1721.63 1.19495 39750.1
19488000 314.554 1419.45 1.20953 39270.9
19490000 306.052 551.969 1.20758 39334.4
19492000 315.452 221.636 1.20681 39359.3
19494000 306.266 1468.38 1.20469 39428.7
19496000 318.275 1467.42 1.19547 39732.8
19498000 322.956 73.0003 1.19043 39901.1
19500000 315.992 2839.73 1.20277 39491.7
19502000 305.557 241.711 1.19939 39602.8
19504000 316.712 -1486.06 1.19963 39595
19506000 311.464 -1208.7 1.19591 39718
19508000 305.815 -2160.98 1.19047 39899.7
19510000 309.313 1071.03 1.19719 39675.8
19512000 315.133 782.134 1.19143 39867.6
19514000 322.118 -575.655 1.20505 39416.9
19516000 308.754 -13.2684 1.18548 40067.6
19518000 309.18 1371.64 1.19344 39800.4
19520000 310.878 -1310.17 1.20202 39516.3
19522000 315.753 271.904 1.20416 39445.9
19524000 305.042 -536.47 1.20189 39520.6
19526000 313.631 -477.138 1.19842 39634.8
19528000 307.294 -2323.95 1.19458 39762.2
19530000 313.694 -2101.46 1.20263 39496.2
19532000 313.394 -542.699 1.20404 39450.1
19534000 311.135 -232.738 1.1987 39625.6
19536000 310.034 687.112 1.20547 39403.3
19538000 313.634 1169.71 1.19763 39661
19540000 312.381 -127.625 1.20348 39468.3
19542000 312.704 1129.19 1.2073 39343.5
19544000 311.946 -514.884 1.20494 39420.6
19546000 316.183 -1256.49 1.20576 39393.6
19548000 317.941 -894.504 1.19905 39614
19550000 312.839 1850.07 1.19975 39590.9
19552000 318.457 -1215.03 1.19257 39829.2
19554000 308.234 722.998 1.19861 39628.8
19556000 305.762 -691.182 1.20319 39477.8
19558000 307.734 556.695 1.19272 39824.3
19560000 317.552 1578.16 1.1971 39678.5
19562000 316.687 -756.888 1.20894 39290.1
19564000 312.18 -377.176 1.20982 39261.6
19566000 314.729 1336.56 1.20866 39299.2
19568000 308.852 776.654 1.20506 39416.6
19570000 309.289 58.4802 1.19584 39720.6
19572000 309.582 -311.1 1.19543 39734.1
19574000 320.683 -1884.75 1.20095 39551.4
19576000 318.731 -68.4628 1.20451 39434.7
19578000 310.086 621.38 1.20877 39295.6
19580000 314.245 -1356.55 1.20062 39562.3
19582000 316.52 -1678.89 1.19359 39795.4
19584000 316.108 1281.96 1.20635 39374.3
19586000 316.318 253.756 1.21197 39191.8
19588000 309.648 343.986 1.20087 39554.3
19590000 313.204 1768.12 1.21427 39117.5
19592000 317.458 -1298.04 1.19809 39646
19594000 314.852 -2505.67 1.20823 39313.3
19596000 313.91 -2185.96 1.20733 39342.4
19598000 312.822 -167.939 1.19778 39656.1
19600000 312.893 -38.3541 1.20462 39430.9
19602000 317.279 952.781 1.20811 39317.1
19604000 307.8 -891.746 1.20899 39288.3
19606000 312.159 2085.54 1.20573 39394.5
19608000 308.778 1461.58 1.21065 39234.5
19610000 310.387 -252.073 1.20118 39543.8
19612000 307.47 -1398.65 1.2091 39284.8
19614000 312.36 618.384 1.21434 39115.4
19616000 313.225 465.643 1.20035 39571.3
19618000 317.555 -1819.38 1.20689 39356.8
19620000 311.233 1362.95 1.21106 39221.3
19622000 313.882 -153.903 1.20429 39441.7
19624000 317.235 -1846.9 1.19879 39622.7
19626000 311.858 3214.28 1.20003 39581.8
19628000 312.701 -1989.66 1.2089 39291.2
19630000 304.433 942.337 1.20209 39513.9
19632000 314.165 1793.73 1.21305 39156.9
19634000 318.437 1729.48 1.20785 39325.6
19636000 307.682 -1350.52 1.21299 39158.8
19638000 318.781 -1171.75 1.19786 39653.4
19640000 310.709 -88.0455 1.21028 39246.5
19642000 315.777 841.572 1.21665 39041
19644000 307.932 1594.38 1.20555 39400.5
19646000 310.611 1168.58 1.20801 39320.2
19648000 313.602 -1924.51 1.19914 39611.3
19650000 314.475 1842.18 1.19594 39717.2
19652000 306.428 2714.86 1.21244 39176.7
19654000 308.886 1652.18 1.21123 39215.9
19656000 310.99 770.131 1.20269 39494.3
19658000 315.41 -893.749 1.19078 39889.4
19660000 319.066 -1145.02 1.20328 39474.9
19662000 315.5 -1587.86 1.20438 39438.7
19664000 312.364 -928.721 1.19719 39675.7
19666000 319.263 2234.8 1.20337 39471.8
19668000 316.276 -1249.62 1.2119 39194
19670000 317.507 120.648 1.2082 39314
19672000 313.424 681.334 1.19652 39697.9
19674000 318.075 -788.51 1.197 39682
19676000 308.984 170.362 1.20078 39557
19678000 315.242 -650.794 1.21082 39229.1
19680000 306.267 -153.734 1.20086 39554.5
19682000 313.304 352.773 1.20459 39432.1
19684000 302.331 -576.716 1.19585 39720
19686000 307.553 524.58 1.21228 39181.9
19688000 311.761 1237.96 1.21071 39232.5
19690000 317.002 1449.99 1.2063 39376.1
19692000 310.751 -539.522 1.20231 39506.6
19694000 312.489 -52.8712 1.20029 39573.2
19696000 308.278 498.92 1.19906 39613.9
19698000 311.447 263.838 1.2031 39480.9
19700000 319.528 -648.895 1.21662 39042
19702000 312.84 -1656.09 1.19629 39705.5
19704000 301.847 845.827 1.19905 39614.1
19706000 306.339 2193.5 1.20623 39378.3
19708000 315.281 2101.93 1.2111 39220.1
19710000 312.449 1376.55 1.20483 39423.9
19712000 318.153 875.98 1.20629 39376.5
19714000 311.936 -1886.46 1.19748 39666
19716000 318.295 -370.475 1.19743 39667.8
19718000 312.531 -473.587 1.2031 39480.6
19720000 320.765 224.671 1.2047 39428.2
19722000 308.338 1580.36 1.20756 39334.9
19724000 316.877 1023.6 1.22138 38889.9
19726000 324.822 -199.912 1.20051 39565.9
19728000 313.368 -619.595 1.20862 39300.5
19730000 313.991 -1972.17 1.19608 39712.5
19732000 313.471 -163.302 1.19272 39824.4
19734000 309.56 -3176.1 1.19776 39656.8
19736000 310.604 301.545 1.20009 39579.9
19738000 309.419 -2851.53 1.20892 39290.8
19740000 305.355 210.84 1.19834 39637.7
19742000 305.9 1309.08 1.20661 39365.9
19744000 315.704 2181.4 1.20188 39521
19746000 311.162 1878.19 1.19891 39618.7
19748000 316.544 535.859 1.20384 39456.5
19750000 316.56 -499.759 1.20053 39565.4
19752000 313.931 -507.492 1.20437 39439.2
19754000 302.81 -867.847 1.19955 39597.5
19756000 311.726 32.5674 1.20231 39506.7
19758000 310.437 3437.84 1.20298 39484.7
19760000 306.976 896.861 1.21736 39018.3
19762000 318.15 1781.02 1.19784 39654.2
19764000 308.068 -573.474 1.19361 39794.7
19766000 323.366 247.191 1.20004 39581.6
19768000 315.717 1165.79 1.2075 39336.9
19770000 312.505 104.24 1.20402 39450.6
19772000 309.324 1437.8 1.20791 39323.5
19774000 311.347 230.757 1.20515 39413.6
19776000 316.429 -490.773 1.18964 39927.4
19778000 310.9 293.222 1.18974 39924.2
19780000 311.428 -1601.28 1.18836 39970.6
19782000 313.996 3306.28 1.19912 39611.9
19784000 313.537 -310.214 1.2142 39119.9
19786000 308.521 -1650.35 1.19862 39628.5
19788000 317.691 -1378.83 1.19779 39655.8
19790000 315.988 2339.88 1.21445 39111.7
19792000 316.8 -88.8429 1.19763 39661
19794000 310.535 123.042 1.20377 39458.8
19796000 309.376 1936.23 1.20733 39342.5
19798000 308.692 -1890.24 1.19871 39625.5
19800000 313.792 685.116 1.20647 39370.4
19802000 309.967 591.823 1.20765 39332
19804000 316.401 -1122.03 1.18947 39933.3
19806000 311.317 1.17057 1.20097 39550.8
19808000 320.241 1449.03 1.20538 39406.2
19810000 306.84 485.379 1.20084 39555.2
19812000 311.121 -207.521 1.20425 39443.1
19814000 322.776 -2275.54 1.2055 39402.1
19816000 312.558 -44.781 1.20843 39306.8
19818000 311.644 805.811 1.2147 39103.7
19820000 316.053 -286.154 1.20475 39426.7
19822000 312.733 1007.79 1.209 39288.1
19824000 310.594 240.326 1.20231 39506.6
19826000 309.313 -1758.52 1.19601 39715
19828000 301.994 1849.67 1.20646 39370.9
19830000 306.544 -1897.94 1.19372 39791.1
19832000 318.01 391.23 1.19258 39829
19834000 312.578 2032.41 1.19022 39908.1
19836000 315.555 775.41 1.20066 39561
19838000 306.221 38.0028 1.20449 39435.1
19840000 308.895 1016.19 1.19238 39835.6
19842000 312.209 -949.085 1.20967 39266.3
19844000 311.031 2168.11 1.20194 39519
19846000 315.748 337.244 1.2035 39467.7
19848000 308.109 1998.64 1.20086 39554.4
19850000 315.709 -739.063 1.19957 39597
19852000 311.382 -2278.67 1.19818 39642.8
19854000 317.612 -1020.28 1.2091 39284.7
19856000 313.86 -153.194 1.20009 39579.9
19858000 311.254 -1560.86 1.20892 39290.9
19860000 316.547 1704.1 1.22361 38819.1
19862000 317.996 88.9103 1.20585 39390.7
19864000 307.142 -1490.27 1.21649 39046.1
19866000 310.68 777.381 1.21539 39081.4
19868000 314.298 910.774 1.20593 39388.2
19870000 319.606 103.107 1.2064 39372.7
19872000 309.975 -813.071 1.20147 39534.4
19874000 310.667 -1094.67 1.20758 39334.3
19876000 321.479 -205.375 1.20831 39310.7
19878000 312.177 3022.76 1.19615 39710.1
19880000 308.315 -1382.9 1.19119 39875.5
19882000 312.875 -1826.52 1.20463 39430.6
19884000 307.145 -1216.39 1.19811 39645.3
19886000 312.826 -1582.16 1.20691 39356.2
19888000 318.308 -955.109 1.20131 39539.7
19890000 314.124 636.067 1.19128 39872.7
19892000 320.095 -2286.07 1.20177 39524.5
19894000 300.356 -1001.57 1.1967 39692
19896000 323.935 -1079.31 1.19898 39616.6
19898000 314.403 -2191.85 1.19799 39649.2
19900000 317.4 1262.31 1.20626 39377.4
19902000 310.122 -819.306 1.20753 39336
19904000 307.125 -1067.89 1.20375 39459.4
19906000 314.908 -225.201 1.20204 39515.5
19908000 315.805 3011.13 1.20183 39522.5
19910000 311.105 -29.4234 1.21496 39095.3
19912000 321.158 -677.985 1.20364 39463
19914000 316.851 -1057.65 1.19728 39672.8
19916000 317.913 -691.159 1.19948 39599.8
19918000 306.296 -492.228 1.20531 39408.5
19920000 318.129 74.7168 1.20672 39362.2
19922000 309.397 -841.763 1.20515 39413.7
19924000 308.604 1251.52 1.20596 39387.2
19926000 313.828 -806.139 1.1973 39672.1
19928000 308.731 -509.864 1.19431 39771.5
19930000 311.257 -852.526 1.20115 39544.9
19932000 310.96 -1028.28 1.21156 39205.1
19934000 309.592 -995.062 1.19691 39685.1
19936000 310.43 45.9431 1.20415 39446.4
19938000 311.134 1329.63 1.19601 39714.9
19940000 318.438 1131.48 1.21161 39203.6
19942000 307.921 169.317 1.20769 39330.6
19944000 310.357 1110.83 1.19878 39623.2
19946000 318.856 -67.8194 1.1954 39735.1
19948000 309.946 -452.834 1.19769 39659.1
19950000 305.759 -667.061 1.20482 39424.5
19952000 309.768 1332.01 1.21579 39068.8
19954000 315.553 291.989 1.20548 39402.9
19956000 316.837 -2162.86 1.18985 39920.5
19958000 313.603 -1799.26 1.18528 40074.3
19960000 312.326 -233.436 1.20687 39357.5
19962000 316.491 -1339.16 1.19172 39857.7
19964000 311.914 8.04206 1.19872 39624.9
19966000 310.115 951.687 1.1904 39902
19968000 319.343 -2130.94 1.18741 40002.4
19970000 315.726 -907.292 1.1954 39735.1
19972000 308.924 -1969.76 1.19568 39725.9
19974000 311.086 1.43431 1.20925 39280
19976000 305.557 -667.951 1.21461 39106.5
19978000 314.233 -822.867 1.19514 39743.8
19980000 310.02 -886.137 1.19903 39614.9
19982000 301.296 -538.044 1.20136 39538
19984000 316.996 -472.823 1.19808 39646.1
19986000 309.164 -898.265 1.20101 39549.4
19988000 323.249 -850.465 1.19023 39907.8
19990000 306.719 -652.971 1.21121 39216.4
19992000 309.599 245.83 1.20382 39457.1
19994000 310.204 -289.057 1.20359 39464.9
19996000 317.496 -855.334 1.2047 39428.2
19998000 312.01 -2409.92 1.19848 39633
20000000 306.781 -1923.07 1.20139 39537.1
