2.50063
2.60619
2.62238
2.79811
2.20346
2.33859
2.65672
2.41121
2.80888
2.29866
2.46401
2.19809
2.35359
2.35157
2.53131
2.46226
1.74341
2.25875
2.58718
2.43304
2.52507
2.64792
2.44474
2.43304
2.65672
2.63973
2.45759
2.80888
2.39774
2.53759
2.52804
2.65655
2.17783
2.60698
2.8481
2.80888
2.60893
2.43304
2.29624
2.65672
2.73902
2.59668
2.94697
2.58743
2.65672
2.85049
2.44474
2.31165
2.51678
2.60189
2.52745
2.8075
2.40697
2.73672
2.39966
2.31599
2.3637
2.53705
2.54548
2.58725
1.74438
2.18073
2.99475
2.20217
2.48421
1.77746
2.3992
2.89172
2.32914
1.66178
2.31599
2.9927
2.48611
2.04664
2.31599
2.90702
2.95409
2.89624
2.90671
2.85491
2.33685
2.9927
2.59001
2.19822
2.89779
2.6664
2.39543
2.5299
2.56584
2.56882
2.90725
2.38892
2.33629
2.54817
2.46354
2.38916
2.6169
2.2741
2.77225
2.44927
3.08604
1.99681
2.16243
2.63197
2.65001
2.37123
1.92365
2.60189
3.10362
2.13438
2.84552
2.37133
3.10362
2.59074
2.46354
2.60189
2.63972
2.3387
2.60189
3.05261
2.83104
2.61065
2.32463
2.98121
2.64025
2.19927
2.10737
2.46207
3.22291
1.78632
2.76146
2.36159
2.76128
2.35929
2.65001
2.28557
2.53538
2.51346
2.38546
2.46947
2.25549
2.85433
2.42821
2.00705
2.40023
2.45137
2.56526
2.27626
2.61459
2.24281
2.38047
1.98911
3.20317
2.62222
2.36962
2.41676
2.23759
2.0686
2.02547
2.488
2.06521
2.20326
2.59211
2.28562
2.14877
2.20326
2.27098
2.04945
2.43286
2.46279
3.10362
2.35764
2.53538
2.53538
2.5754
3.22291
2.46288
2.581
2.08105
2.04548
2.25732
2.05056
2.33178
2.58394
2.64
2.27866
2.20157
2.6845
2.58852
2.58394
2.18013
2.19639
2.15618
2.90312
2.06723
2.15622
2.62714
2.44474
2.74681
2.85159
2.1349
2.06723
2.44474
2.21528
2.2849
2.2229
2.60698
2.2229
2.2695
2.72911
2.34568
2.19179
3.16447
2.79463
2.7198
2.60698
2.01466
3.03547
2.15941
2.74681
2.2849
2.72091
2.56082
2.45196
2.08521
2.70462
2.34254
2.19953
2.46744
1.56114
2.86142
2.82456
2.52504
3.02882
2.56487
1.65876
2.23558
3.16447
1.95337
2.29115
2.61256
2.061
2.10692
2.44199
2.64619
2.53705
2.87191
2.01068
1.57038
2.82147
2.53705
2.33379
2.33652
2.30625
1.62488
1.75541
1.99688
2.44445
1.93531
1.99018
2.53705
2.20778
1.52503
2.38394
2.4019
2.8137
1.77823
1.6535
2.62385
2.416
2.14413
1.56838
2.14567
1.72149
2.89873
2.20217
2.4228
2.53303
2.10584
2.42328
2.57348
1.82794
2.59439
2.89707
2.77016
2.46354
3.23291
2.05428
2.1877
2.22443
2.23889
2.30819
2.61065
2.46335
2.46354
2.61061
2.24536
2.54331
1.71773
2.50777
1.65433
2.44732
1.76924
2.43388
2.50833
2.63227
2.18564
2.29522
2.35911
1.68813
3.62366
2.16499
2.6586
2.57922
3.62368
2.28877
3.17109
2.61061
2.14734
2.44445
2.42267
2.44944
2.38815
2.67309
2.45123
3.62368
3.26929
1.7138
2.12053
3.14802
3.57533
2.76542
3.31091
3.62368
2.74681
2.21154
3.60246
2.35289
2.68566
2.73334
3.03006
3.60571
1.87872
2.90304
2.90928
2.70834
3.27502
3.61671
2.52798
2.46719
3.09674
3.27573
2.58015
2.78172
3.62368
2.88547
1.67336
3.5902
2.77764
2.29656
2.74017
2.52656
2.23845
2.72501
2.34334
2.33774
2.55957
2.34359
2.26311
2.36642
2.29524
1.98727
2.36818
2.60456
2.56082
2.23505
2.20932
2.58249
2.74017
2.51473
2.21447
2.09776
2.51524
2.36196
1.70232
2.85159
2.6403
2.14253
2.36642
2.29645
2.15924
2.71007
2.3419
2.27326
2.168
2.3199
2.40046
2.54414
2.53822
1.69944
2.42903
1.74541
1.92
2.36349
2.18263
2.42323
2.6917
2.55266
2.30333
2.52298
2.81141
2.89214
2.81376
2.43826
2.55829
2.55266
2.89873
2.18359
2.10385
2.55057
2.52334
2.47697
1.89411
2.48876
2.46011
2.72348
2.81749
2.52566
2.07669
2.50586
2.52942
2.55829
2.89873
2.18359
2.52032
2.50586
2.7063
2.6816
2.6917
2.12338
2.29152
2.55668
2.14253
2.72692
2.59299
2.88251
2.09747
2.89873
2.74003
2.38632
2.34657
2.81935
2.71146
2.67565
2.81935
2.81105
2.80869
2.78393
2.80997
1.86277
2.33229
2.71894
2.63236
2.27336
2.44653
2.81357
2.47925
2.49673
2.81935
2.74003
2.41449
2.81935
2.2172
2.41256
2.5771
2.69564
2.11924
2.76097
2.12479
2.67388
2.51882
2.22964
2.36195
2.48227
2.83474
2.35512
1.80155
1.92686
2.22394
2.76097
2.41449
2.54861
2.56716
2.25915
2.28064
2.87457
2.41449
3.23365
2.68514
2.47616
1.78381
1.54783
1.67893
1.61756
2.48193
2.36124
2.56736
2.58227
2.44711
2.40359
2.61293
2.57928
2.24436
1.73803
2.14419
2.56909
2.50752
2.47339
2.55763
2.49959
1.75286
2.7124
2.35489
2.56699
2.41434
2.84186
2.69514
2.28605
1.79469
2.17179
2.70442
2.02348
2.32041
1.62655
2.24158
2.44559
2.48906
2.13817
2.30611
2.58227
2.48165
2.38716
1.85212
2.46803
2.44543
2.28329
2.60182
1.65643
2.11761
2.28124
2.36141
2.36627
2.17533
2.53502
2.3307
2.56482
2.58884
2.43718
2.55585
2.32924
2.51016
2.3604
2.54155
2.31469
2.10016
2.26775
2.55591
2.71575
2.36141
2.5794
1.80062
2.17621
2.48309
2.15634
2.26745
2.5557
2.34899
1.67189
2.37221
2.31318
2.66003
2.50041
1.63042
2.60182
2.6689
2.65505
2.23252
2.2554
2.39153
2.68631
2.6944
2.93439
2.68987
2.661
2.43506
2.3153
2.93439
2.72692
2.87156
1.80218
2.39389
2.30659
2.66175
2.69155
2.39392
2.23213
2.05532
2.72607
2.54861
2.70298
1.66163
2.72254
1.95862
2.35296
2.03004
2.07681
2.72533
2.92224
3.49002
2.43234
2.73362
2.72692
2.80482
2.91415
2.99801
2.93439
1.98556
2.3643
2.06968
2.87156
2.53966
2.77076
2.71593
2.19024
2.11139
2.72692
2.37881
1.68164
1.66981
2.62762
1.62779
2.54268
2.46119
2.21098
1.66364
1.59071
2.44813
2.57959
1.59071
2.70102
1.76713
2.65565
2.41449
2.19438
1.6699
2.54935
2.24553
2.73311
2.07804
2.67989
2.58187
2.32931
2.36173
2.18326
2.00637
3.49276
1.72682
2.17022
2.76019
2.4454
2.99431
2.45348
2.07151
2.19698
2.62762
2.52574
3.43664
2.41141
2.63314
2.44729
2.34571
2.7034
2.16915
2.58011
2.82683
2.1871
2.43337
1.81596
2.85268
2.61293
2.91678
2.60696
2.5304
2.19557
1.87543
2.54155
2.5369
2.66003
2.57744
2.40886
2.14415
2.91705
2.36265
2.55542
2.42027
2.47286
2.61293
2.62762
2.21443
2.38845
2.41515
2.61293
2.4731
2.48297
2.47849
1.6268
2.81931
2.43606
2.41545
2.59529
2.36292
2.66003
2.41313
2.85233
2.91705
2.64269
2.3366
1.79964
2.27484
1.90028
1.56125
2.19453
2.38715
2.28921
1.65006
2.26911
2.16894
2.36627
2.58609
2.28921
2.11399
2.31018
1.67955
1.53062
2.07819
2.36259
2.71342
2.35377
2.70982
2.21999
1.75173
2.28178
2.20702
2.2633
1.60973
2.49993
2.28832
2.29358
2.35282
2.33
2.46884
2.29519
2.91625
2.38715
2.12424
2.26393
2.24923
2.19453
2.40685
2.50697
1.57968
2.36796
2.40685
2.78903
1.74877
2.51792
2.55225
2.482
2.67923
2.21047
2.16741
2.86672
2.28736
2.85512
2.63133
2.25475
2.62882
2.59894
3.02538
2.85058
3.05839
2.34177
2.85512
2.33586
2.56618
2.168
2.01847
1.79563
2.68357
2.80217
2.69608
3.06208
2.71075
3.47538
2.19185
1.94203
1.98488
2.39392
2.89624
3.50517
2.36867
2.31449
2.50443
2.07447
2.89624
2.83996
2.61673
2.89624
3.51955
2.47982
2.46693
2.68601
2.43053
2.47271
2.36262
2.4202
2.67711
2.68961
2.49091
2.64744
2.28854
2.33129
2.72749
2.5286
2.67281
2.64404
3.0549
2.5877
2.50241
2.65705
2.30463
1.91198
1.74853
2.56058
2.68961
2.51247
3.05068
2.45442
2.48911
3.51955
2.14168
2.526
2.73939
1.95036
2.50683
2.76019
2.83605
2.16085
2.46015
2.76019
2.99431
3.24105
2.47614
2.68961
2.72749
2.58626
2.5157
2.87131
3.01842
3.20277
2.62572
3.22291
2.54112
3.00053
2.23729
2.76728
2.08725
2.62816
2.74201
2.5457
2.26036
1.88683
2.47201
2.74444
2.64899
3.06049
3.07408
2.45799
2.93047
2.97632
1.90181
3.22023
3.02836
2.59083
2.49018
3.17074
1.63249
2.39397
2.88502
3.22291
3.07408
2.50993
1.70429
2.94331
2.6664
2.86211
2.56
2.64545
2.49194
2.5653
2.52482
2.13024
2.22481
2.20296
2.33354
2.62845
2.33961
2.64233
2.34919
2.05609
2.49196
2.5283
2.61637
2.49923
2.55518
2.64644
2.64644
2.33489
2.28729
2.75656
2.36517
2.61823
2.21954
2.28729
2.73688
2.73688
2.51712
2.7873
2.40711
2.43832
2.49989
2.73688
2.40589
2.69441
2.39138
1.69715
2.35732
2.51803
2.38315
1.70227
2.36403
2.57355
2.43658
1.83825
2.09625
2.3994
2.42141
2.65163
2.23558
2.339
2.43325
2.46061
2.60922
2.73688
2.19557
2.41581
2.43325
2.73626
2.66003
2.46061
2.17474
2.21302
2.33178
1.56508
2.63351
2.11404
2.5358
2.46061
1.7703
1.85802
1.81097
1.60393
1.60607
2.20779
2.15197
2.29756
2.64644
2.1184
2.53794
2.26603
2.37359
2.19557
1.72161
2.08143
2.61823
1.62663
2.01848
2.40488
1.99359
2.18586
1.6027
2.44373
2.08158
2.18978
2.66759
2.02006
2.71503
2.61294
2.25237
1.97359
1.62055
1.6044
2.49836
2.4303
2.17632
1.56969
2.42517
1.85499
2.42942
2.38389
1.64649
2.2479
2.33118
2.35453
2.7373
2.29171
2.4617
2.309
2.66003
2.3335
2.25607
2.62232
2.28501
2.3632
1.80846
2.39763
2.33619
2.19331
2.36675
1.5711
2.81001
2.39491
2.66763
1.70657
1.92244
2.19943
2.48673
2.4303
2.49836
2.42097
2.38794
3.07319
2.65163
2.76146
2.40259
2.49836
3.10362
2.35684
2.4303
1.83649
3.00707
2.55742
2.73926
1.80573
2.79828
2.45055
2.6601
2.76048
2.00673
2.7873
2.27626
2.49605
2.71762
2.81362
2.76146
2.71571
2.54919
2.46149
2.65253
2.35284
2.64618
2.64976
2.75656
2.65325
2.67101
2.7873
2.39763
2.63196
2.51469
2.48527
2.33422
2.21128
2.75656
2.7873
2.74633
2.17434
2.22817
2.4303
2.53701
2.71031
2.13609
2.38616
2.21653
2.20809
2.05548
2.47281
2.47281
2.47319
2.25733
2.54342
1.61019
1.69027
2.36917
2.56915
2.53237
2.31165
1.65936
2.47319
2.72236
2.4605
2.96736
2.29607
2.4777
2.68865
2.1072
1.7383
2.23983
2.5361
2.65329
1.98989
2.47319
2.63788
2.13726
2.33333
2.22093
2.84304
2.36708
2.42435
2.06915
1.70323
1.52404
2.87466
2.57392
2.72236
2.63256
1.97452
2.31253
2.39012
2.28729
2.56295
2.44445
2.31688
2.75808
2.68942
2.65102
2.40697
2.47314
2.47314
2.38408
2.58082
2.31159
2.46507
2.87466
1.59643
2.52879
1.71192
2.4459
1.70922
2.63256
2.36908
1.7316
2.87466
1.68343
2.2621
1.85488
2.40351
2.58489
2.44445
1.72365
2.81143
2.15975
1.61886
2.57804
2.79816
2.38163
2.2237
2.12675
1.55976
1.571
2.2925
2.79816
2.33358
2.31224
1.58862
1.63375
1.59347
2.25924
2.70481
2.31224
2.49884
1.62827
2.5125
2.38442
2.46047
1.52776
1.58748
3.10141
2.66806
3.08507
2.81143
2.36153
2.30536
2.13609
2.91565
2.41234
2.31224
2.39918
2.51009
2.11829
3.08102
2.22854
2.27568
2.49836
2.1198
2.62977
2.58396
1.63441
2.09965
2.47753
2.46207
2.70344
2.43941
2.48673
2.48312
2.26669
2.38148
2.31069
1.80878
2.31224
2.73716
2.51258
2.79688
2.43745
2.45598
1.82303
2.28256
1.71638
2.18045
2.47451
2.97143
2.79069
2.34515
2.33142
2.84109
2.45936
2.40771
2.09836
2.12675
2.2345
2.28534
2.36367
2.35571
2.25788
2.72911
2.17596
2.38134
2.46543
2.63073
2.72786
2.18045
2.53701
2.66069
2.80025
2.57012
2.703
2.63251
2.35514
2.35107
2.05703
2.49792
2.52606
2.51258
2.3739
2.37161
3.23791
2.49151
1.76986
2.501
2.51258
2.92828
2.46775
2.67149
2.6035
2.09218
2.54877
2.17322
2.26842
2.34312
2.85159
2.81625
2.59965
2.22364
1.59164
2.36174
2.65965
2.51244
1.6568
2.49933
2.71179
2.35989
2.4069
1.58222
2.74017
2.3263
2.71596
2.26657
2.66923
2.72236
2.17106
2.70554
2.33501
1.64408
2.16225
1.54305
2.66923
2.26607
2.96736
2.0464
2.71139
2.40072
2.51524
1.64851
2.76057
2.29524
2.67005
2.42982
2.22622
2.71575
2.29656
2.30262
2.51999
2.79102
2.73918
2.27974
2.85737
2.20834
2.08683
2.27475
2.66044
2.7255
2.74891
2.05526
2.77235
2.43737
2.24592
2.68633
2.44779
2.87466
2.26752
2.01395
1.97977
1.62011
2.30876
2.25933
1.61448
1.64181
2.3153
2.64129
2.42052
1.74075
2.6295
2.6917
2.63928
2.15753
1.96182
2.79816
2.26787
2.28448
1.69616
2.56673
1.64151
1.99123
1.78638
2.27475
2.21629
2.81143
2.84928
1.92399
2.26724
2.37986
2.60618
2.23931
2.43214
3.09527
2.35892
2.32111
2.31183
2.4705
2.13508
2.74836
3.08442
2.74601
2.31718
2.32433
3.10141
2.32308
2.84317
1.925
1.96361
3.04997
2.06748
2.55138
2.24482
2.32859
2.47781
2.74601
2.52886
2.23697
3.10141
2.88008
2.47781
2.37543
2.54134
2.33915
2.32419
2.50916
2.58599
2.50237
2.05526
1.88863
2.26373
2.22953
2.84186
2.72236
2.18961
1.61298
2.6561
1.86848
1.5702
2.66046
2.80819
2.40371
3.12464
2.66214
2.63655
3.12464
2.50314
1.58605
2.78073
2.61421
2.14318
2.1289
2.64296
3.02094
2.61446
1.79974
1.8872
2.70162
2.86831
2.73865
3.10141
2.56116
2.79958
2.77291
3.12417
2.31547
2.43816
2.96736
2.75493
2.6611
3.12117
2.54397
2.95397
2.69642
2.72911
1.66112
2.47748
2.73948
2.27245
2.51495
2.28541
2.74155
2.37951
2.58312
2.71575
2.57628
2.71256
2.69901
2.23427
2.51425
2.57628
2.64446
2.6379
2.179
2.78456
2.82006
2.56094
2.23012
2.41556
1.68961
2.48309
2.47375
1.82454
2.55799
1.65855
2.71575
2.61022
2.10769
2.49076
2.01135
2.23268
1.62577
2.241
2.41515
2.92131
2.22172
2.68974
2.68013
2.8834
3.01779
2.58884
2.33527
2.45656
2.74529
2.28421
2.28844
1.5959
2.21274
3.03458
2.28237
2.53285
2.74155
2.20722
2.65325
2.21274
2.39511
2.02808
2.5944
2.33831
1.62221
1.58343
2.3153
2.56094
2.1927
2.3153
2.25268
2.20295
2.70623
2.65556
3.15793
2.06777
2.45458
2.70277
2.36105
2.4708
1.49784
2.62479
2.4143
1.63081
1.82497
2.70123
1.87907
2.56645
2.26805
2.43729
2.15431
2.52975
2.62862
2.61087
2.0546
2.36605
2.06113
2.33524
2.28086
2.5055
2.45803
2.35456
2.27788
2.61263
2.23599
2.14589
2.24469
2.315
2.14683
2.32433
2.8224
2.21787
2.46119
1.73481
2.26917
2.46119
2.31492
2.94542
1.88185
2.5593
2.20219
2.62438
2.31919
2.25528
1.74087
1.81692
2.59601
2.12567
2.09841
2.56848
2.97458
2.99431
2.73142
2.43782
1.9793
2.36585
2.01048
2.34652
2.25528
3.50596
1.56315
2.6896
3.03709
2.32014
2.2178
2.10654
2.56848
2.23931
2.46062
2.74122
2.36502
2.20635
2.02968
2.23467
2.89497
2.44031
2.21941
2.54755
2.60185
2.57434
2.21228
2.06809
2.30836
3.12464
2.40917
2.31199
2.6881
2.90188
3.01548
3.37981
2.40606
2.39682
2.78339
2.42557
2.26348
2.2185
2.58615
3.03684
1.79459
2.79261
2.93952
2.21787
3.02695
2.79559
3.12464
3.00309
2.25472
2.24482
2.20724
2.61851
2.32163
3.00698
2.77291
2.30752
2.95361
2.23476
3.07921
2.3289
2.21787
2.54525
3.02932
2.23708
2.22236
2.47401
2.77605
2.63431
2.57689
2.45077
2.30272
2.38195
2.28379
2.35111
3.17583
2.76003
2.48309
3.31174
3.03684
2.56844
3.02553
2.51786
2.55742
2.30332
1.65871
2.74155
2.14449
2.50166
2.55742
2.50621
2.35007
2.18382
2.39063
2.31423
2.50625
2.38857
2.38195
2.42857
2.26733
2.20766
2.48309
3.23304
2.32312
2.96361
2.55495
2.44883
2.49639
1.70977
2.52762
2.40685
2.64644
2.36376
2.45117
2.32393
2.49669
2.25748
2.68397
1.74736
2.63341
1.73848
2.85743
2.41666
2.49964
2.62204
2.76463
2.49964
2.74155
2.54535
1.78703
2.48166
2.15132
2.4995
2.58117
2.86561
2.3865
2.85921
2.15572
3.5014
2.49964
2.81122
2.63496
2.63496
2.63496
2.49843
2.52622
2.03546
2.86266
2.27255
3.51955
2.34758
2.15068
3.47981
2.43788
2.43252
3.01391
2.65655
2.28976
2.83695
2.83894
2.29618
2.36572
2.34327
2.21611
2.4822
2.35956
3.22755
2.36585
2.72878
2.54851
2.52406
2.32252
2.83894
2.51856
2.62659
2.54358
2.66003
2.25947
3.16773
2.89319
2.28929
2.52527
2.65815
2.2446
2.266
2.35745
2.99431
2.81362
3.12548
2.67404
2.68644
2.28726
2.54535
3.08498
2.52583
2.63763
3.51955
2.82704
2.56651
3.37765
2.46093
2.53184
2.81247
2.49814
2.50473
3.03684
2.53498
2.26075
2.55742
2.49556
2.56804
2.97595
2.48418
2.65041
2.50993
2.91773
2.84118
2.71571
2.44546
2.74352
2.99381
2.62474
2.47279
2.50993
2.82977
3.2195
3.03866
2.54856
2.32769
2.41592
3.22755
2.42522
2.48946
2.30938
2.53244
2.28087
2.58231
2.7342
2.22986
2.74665
3.138
2.71097
1.7687
1.67263
2.32986
2.00776
2.35706
2.38265
2.28704
1.56736
3.26098
2.22555
1.66688
2.26573
2.35476
1.68135
2.42258
2.06639
1.92205
2.63849
2.25593
2.59581
2.10122
2.589
1.9733
2.55512
2.85796
2.72159
2.578
2.45537
2.36837
2.75747
2.46427
2.22689
2.16777
2.37019
2.11685
2.558
2.34497
2.65663
2.63173
2.22809
2.589
2.61823
2.2402
2.58106
2.52031
1.54542
2.44721
2.11875
2.48493
2.38276
1.68188
2.2778
2.43928
2.38545
2.34151
2.33358
1.87448
2.4381
2.67646
1.58361
2.68853
2.51981
2.49416
2.27391
2.58914
1.61787
2.45438
2.58978
2.37856
1.96978
2.21173
2.51244
2.52385
2.14647
1.93739
2.6657
2.41296
2.17719
2.58978
2.12619
3.11829
2.41422
2.58978
2.50331
2.53395
2.42405
2.3532
2.52879
3.00583
2.58978
1.61499
2.24355
2.2097
2.18589
2.14107
2.16365
2.51245
2.11896
1.68682
1.7738
2.31144
2.3161
2.13675
1.60227
2.3798
2.18802
2.55464
2.43075
2.34486
2.50718
2.31546
2.52347
2.22082
2.30153
2.51981
2.58914
2.65126
2.48181
2.27581
2.1017
1.89673
1.68373
2.36082
2.34333
2.3039
2.56699
2.57077
2.49413
2.38422
2.21041
2.22592
2.1869
2.28907
2.69938
2.34146
2.28707
2.49869
2.35758
2.27083
2.89895
2.20022
2.23197
2.45128
2.52316
2.73348
2.43454
2.18323
2.16825
2.34621
3.04974
3.04974
2.65329
2.45242
2.91076
2.38131
1.70203
2.42174
2.49044
2.85699
2.90481
2.59581
2.20668
3.04974
3.00461
1.94481
2.87866
2.78713
2.71082
2.26289
2.31964
2.23786
2.36261
2.08616
2.56272
2.20668
2.25468
2.51639
2.65631
2.67065
2.6912
2.62545
2.42689
2.55057
2.37417
3.26098
2.72486
1.66911
2.20628
2.51619
2.3641
2.94562
1.84259
2.2813
3.22519
2.62856
2.60429
2.49592
2.94797
2.95733
1.95837
2.41477
1.66569
3.07074
1.83158
2.22643
2.53576
3.24819
2.65738
2.11544
1.69373
3.20889
2.49565
2.91543
2.18938
2.78116
3.26098
1.58381
2.4885
2.64257
2.44184
3.13086
1.94757
2.49407
2.22296
2.07117
2.22332
2.68942
2.25792
2.54342
2.5482
2.28173
2.8088
3.13683
2.49155
2.63256
2.63256
2.48829
2.52879
2.89096
2.52744
2.22715
2.63645
2.51079
3.01851
3.0571
2.51056
2.65307
2.52879
2.66055
2.52347
2.41582
2.85539
2.336
2.44779
2.57424
2.65529
2.92511
2.92511
2.27564
2.36042
1.85499
2.44193
2.67062
3.26098
2.02111
2.68112
2.05526
3.12657
3.12454
2.77543
2.17491
2.92511
2.66266
2.7249
2.25534
2.51358
2.17737
2.52126
2.50199
2.52577
2.48085
2.66266
1.77248
2.62942
2.39939
2.33864
2.29784
2.69972
2.72712
2.50249
2.3457
2.92085
2.62099
2.69704
2.61403
2.61442
2.72712
2.72712
2.47414
2.1746
2.36426
2.49241
2.81513
2.52345
2.37525
1.71435
2.651
2.66266
2.38363
2.3798
2.1047
2.20706
2.50916
2.92511
2.72673
2.59233
2.71082
2.71082
2.41491
2.02904
2.43799
1.84559
2.69157
1.67786
1.62664
2.70306
2.65179
1.67043
2.46951
2.44833
1.87359
2.27116
2.56252
2.72712
2.34284
2.65329
1.67137
1.6632
2.65329
2.51276
2.16694
2.08908
1.76544
1.74069
2.49673
1.71707
1.73781
1.75072
2.55903
2.71082
2.49407
1.57927
2.4466
1.52414
1.68661
2.466
2.49449
2.33441
2.43799
1.79653
2.48109
2.24338
2.45778
3.13723
2.8591
2.46873
2.28079
2.54699
2.5299
2.01738
2.18313
3.69547
2.4679
2.22806
2.64812
2.25792
2.4679
2.7516
2.4069
2.33131
2.18992
2.45745
2.32247
2.33052
3.51725
2.8416
2.36451
2.48802
2.34631
1.94698
1.92726
2.46416
4.00892
2.30654
2.45244
2.68942
2.43376
2.54699
2.66923
2.36175
2.65741
1.7294
2.17298
2.0296
2.32428
3.88563
2.5323
2.48531
2.42261
2.18459
2.59926
3.93486
2.84158
2.25792
2.91489
1.99004
3.03315
2.67062
2.14911
3.45451
2.88339
2.24654
2.58475
2.30242
2.65593
2.92167
2.65423
3.36181
2.46474
2.30033
2.79931
2.55113
2.65593
2.65593
2.18062
4.00892
2.64644
2.43393
1.99132
2.8834
3.71456
2.58483
1.77538
2.74015
2.8687
2.58447
2.05515
3.26856
3.44122
2.67062
2.83047
3.39777
3.02358
2.51913
2.58599
2.42648
2.17479
2.48093
2.14151
2.55939
2.50916
2.07935
2.37527
2.72733
2.81406
2.74056
1.95818
2.74283
2.61136
3.09742
1.98155
2.06157
2.15362
2.49897
2.20741
3.02358
2.29363
2.25467
3.02358
2.20437
2.20679
2.2679
2.58599
2.78779
2.32484
2.52662
1.85901
2.45024
2.44653
2.50916
2.08291
2.54506
2.28595
2.98188
2.72182
2.45066
2.45764
2.81486
2.629
2.66185
2.93646
2.16274
2.50898
2.35953
2.36244
2.08173
2.36997
2.62233
2.31406
2.56934
2.85178
1.6459
2.98995
3.03205
1.8675
2.23975
2.88235
2.76601
2.34933
3.03855
2.80501
2.75148
2.23975
2.63322
3.11236
2.96736
2.82641
2.90199
2.43045
3.03297
2.94163
3.13723
2.66411
3.13723
2.85178
3.13723
2.41058
2.55423
2.45882
2.45882
2.81077
2.80224
2.45882
1.83562
2.37935
2.41116
2.76423
2.4679
2.42876
2.05342
3.37142
2.24386
2.3909
2.08431
2.75079
2.36859
3.00309
2.25624
2.28488
3.00309
2.57873
3.57327
2.36859
3.86007
2.417
2.26413
2.40934
3.37981
2.36859
1.84969
2.0729
2.56619
2.4679
2.21055
3.91516
1.63547
2.39597
2.32127
2.77475
2.13533
3.70004
2.19864
3.25851
2.22941
2.61468
1.88509
2.27091
2.52102
2.52151
3.14276
3.55683
2.10166
2.90242
3.15605
2.69001
3.06568
2.47664
3.02836
2.49856
2.84097
3.63278
2.20055
3.1778
3.02563
2.4571
3.75033
2.49732
2.19693
2.56619
1.81737
3.48049
1.65003
2.30906
2.2163
2.41406
2.2163
1.884
2.45014
2.45545
2.14198
2.86317
2.3555
2.55087
2.45545
2.02132
2.44108
2.72182
2.24088
2.16419
2.41406
1.94795
2.3944
2.25954
3.1778
2.52856
2.31633
2.22465
2.56848
2.35176
2.08949
2.27422
2.20898
2.71855
2.38594
2.40424
2.22807
2.49304
2.17254
2.29226
2.46954
3.16414
2.18446
2.86063
2.43794
3.1778
2.46543
2.29414
2.96267
3.06444
3.2061
2.18764
2.3566
2.59544
2.4075
2.58201
2.31889
2.45066
2.0959
2.16779
2.43442
2.43434
2.23976
2.32871
2.27691
2.74014
2.11878
2.41284
1.99386
2.11887
2.54783
2.55466
2.74923
2.68055
2.19988
3.06206
2.18118
2.33929
2.97467
2.00984
2.26412
2.42969
2.68055
2.70568
2.67772
1.66781
2.30247
1.95277
2.4488
1.91491
2.90073
2.46509
2.46895
2.30332
2.73348
1.80371
2.56083
2.62321
2.29986
1.96774
2.20505
2.24207
2.72613
2.32127
2.15383
2.2659
2.13684
2.25949
2.00488
2.33357
2.32078
2.71107
2.07744
2.25308
1.62715
1.96235
2.36844
2.36859
2.31395
2.16082
2.1691
2.71271
1.78297
2.16881
1.91947
2.21105
2.98635
3.37981
3.27477
2.54675
2.73222
2.42914
2.46824
2.51504
2.74665
2.25308
2.19882
2.1691
1.75163
2.82876
3.03933
2.17418
2.46347
2.14351
2.30073
2.16419
2.01401
2.27067
2.16137
2.07411
2.05897
1.7766
2.26074
2.09956
2.06138
1.58755
2.15702
2.44205
2.56619
2.30436
2.02377
2.30784
2.4185
2.76833
2.37624
2.59507
2.17329
2.49774
2.14318
2.34895
2.43796
2.29148
2.30436
2.29909
2.48493
2.17699
2.25543
2.49774
1.61156
1.62343
1.97748
1.69481
2.46762
2.1691
1.80914
1.61116
1.65674
2.1364
1.70194
2.34901
1.74097
2.30436
2.10055
1.71895
1.71644
2.29403
2.59656
2.33208
2.20074
2.16748
2.19034
2.29595
2.23646
2.23417
2.13584
2.28453
2.87255
2.43611
2.56873
3.22755
2.29403
2.49333
2.43415
2.52366
2.49774
2.49553
2.58914
2.49774
2.51068
2.94371
2.63633
2.33875
2.68988
2.40858
2.13681
2.29606
2.20311
2.582
3.02721
2.58914
2.24338
2.15565
2.59656
2.3671
3.04974
2.30906
2.49869
2.29374
2.55383
2.49869
2.50456
2.8385
2.69709
3.22755
2.5967
2.69893
3.04575
2.52179
2.37449
2.54591
2.72587
2.33875
2.30717
2.58215
3.03866
2.14896
2.73348
2.77111
3.00923
2.61089
3.01736
3.0331
2.73546
2.91481
2.93455
2.77111
2.91481
2.41122
2.56002
2.71943
2.99889
2.67607
2.41271
3.03866
2.91252
3.37981
2.77806
1.79516
2.86526
2.45003
1.79155
2.37566
1.55313
2.35278
2.14323
2.37102
2.23478
1.61126
2.00449
2.74665
2.37403
2.10122
2.49668
2.56079
2.37566
1.83945
1.69957
2.24845
2.05405
1.69195
2.16583
2.21136
2.54588
2.13589
1.54367
2.50767
2.31178
2.57146
2.06906
1.54352
2.34337
2.54441
2.08846
1.89392
1.79693
1.96228
2.64714
2.31583
1.76335
1.95327
2.87731
1.66386
2.64272
2.50918
1.68322
2.67587
1.7514
2.74665
2.85881
2.94175
2.1309
1.59257
1.61105
2.6603
1.62677
2.56079
2.86442
2.12784
2.50859
2.98559
2.26027
2.81387
2.5311
2.44052
2.43363
3.01584
2.5638
2.2204
2.31061
1.59673
2.70544
2.68853
2.24606
2.72648
2.74412
2.57909
2.52056
2.27102
2.61235
2.53321
1.68766
2.74257
2.48414
2.26655
2.31633
2.48329
2.2807
2.9927
2.44694
2.27024
2.45757
2.61235
2.5448
2.24297
1.81699
2.68853
1.53794
2.107
2.32818
2.52056
2.9927
2.30018
2.68853
2.50001
2.99016
2.30012
1.78964
2.84552
1.63282
2.25042
2.6165
2.32914
2.19376
1.59468
2.19376
2.6067
2.01587
2.21899
2.22204
2.38305
2.65126
2.66893
1.65196
2.40998
2.61368
2.3798
2.6548
2.84552
2.26446
2.42302
2.5735
2.09024
2.32914
2.52347
1.49728
2.43155
2.63203
2.65126
2.6104
2.62965
2.93803
2.82009
2.08354
2.61122
2.71156
2.28
2.2918
2.91236
2.51033
2.39862
3.02413
2.96503
2.94175
2.85342
1.83634
2.85989
2.84552
2.61736
2.54714
2.89676
2.67268
2.58792
3.0169
2.61968
2.71867
2.67848
2.77138
2.44939
2.78798
2.68759
2.25571
2.80773
2.83268
2.88265
2.88265
2.41808
2.74397
2.21093
2.95519
2.29179
2.85989
2.94175
1.76284
2.62539
2.85044
2.67848
2.53154
2.50145
2.94175
2.97119
2.78771
2.99948
2.0822
2.22643
2.78771
2.13311
2.71357
2.6537
2.80744
2.4846
2.67616
2.31835
2.56079
1.94757
2.78771
2.89835
2.6742
2.28815
2.25763
2.78771
2.67848
2.13141
2.4353
2.66191
3.16447
2.66745
2.39876
2.75492
2.61306
2.68615
2.53441
2.52664
2.74444
1.77447
2.91607
1.64873
2.12172
2.59242
2.67616
2.27869
2.61403
3.15016
3.12962
3.13707
2.55573
2.54756
2.61011
2.31118
3.12076
2.50039
2.03796
2.35247
2.44681
2.45966
2.46347
3.05388
2.40686
2.51698
2.50818
2.06578
2.55082
2.12306
2.25324
2.24696
2.56208
2.26463
2.52032
2.56208
2.40087
3.08171
2.16055
2.30773
1.99657
3.16447
1.84688
2.56208
2.58686
2.60452
2.36809
2.88251
2.37108
2.522
2.40771
1.91017
2.31192
1.92428
2.42871
2.6016
2.68275
2.82009
2.27803
2.80145
2.55893
1.83294
2.43767
2.4608
2.23462
2.82009
2.51358
2.26001
2.48292
2.80632
2.80752
2.27348
2.40837
2.63362
1.84632
2.61403
2.62501
2.87937
2.45736
2.45942
2.64421
2.65179
2.19205
2.6586
2.56054
2.84803
2.37951
2.3798
2.42627
2.61403
2.33664
2.77132
2.25517
2.31397
2.85989
2.85989
2.78679
2.73982
2.62192
2.63373
1.76459
2.26081
2.57341
2.73982
2.69428
2.69945
2.33327
2.71841
2.42147
2.22275
2.26954
2.14556
2.48327
2.54621
2.52033
2.82009
2.54591
2.56635
2.53337
2.38107
2.25733
2.72939
2.23458
2.21933
2.73385
2.44207
2.5748
2.66686
2.52033
2.77518
2.39395
2.55046
2.66774
2.7779
2.26954
2.36451
2.39334
2.71007
2.38258
2.51473
2.28896
2.47199
2.21235
2.48041
2.33951
2.44038
2.2169
2.18429
4.00892
2.42329
2.581
1.57383
2.71357
2.27666
3.89205
3.33016
2.39215
3.99393
2.43531
2.12348
3.9606
2.23861
2.4361
2.48041
2.762
2.56859
2.39643
2.21815
2.48799
2.56082
3.23036
2.51166
2.04457
2.66896
2.78679
2.73603
2.67616
2.48041
2.46364
2.21555
2.64324
2.86464
2.36137
2.37894
2.34097
3.73195
1.92411
2.24113
2.32122
2.88251
2.37855
2.88251
2.32728
2.63966
2.87711
2.86852
2.80414
2.08482
2.97652
2.47591
1.89411
2.76852
2.67833
2.93505
3.92308
2.54778
2.5865
2.6279
2.31824
2.49915
2.7057
1.98867
2.60842
2.52032
3.82963
2.21857
2.46728
1.82087
2.47678
2.47125
3.03085
2.40373
2.25218
2.71182
2.75462
2.52905
2.46903
2.09176
1.76735
3.04934
2.45736
3.04934
2.14251
2.70177
2.46576
2.86852
2.61924
1.74889
2.19029
2.73086
2.08586
2.23216
3.09742
3.09742
2.94599
2.35333
2.52301
2.50021
3.04842
1.90282
2.61061
2.77909
2.54327
2.33081
1.70642
1.94282
2.73285
2.44711
2.44848
2.65623
2.86852
1.57989
3.02277
2.19061
2.57527
2.6852
2.29568
2.67524
1.6817
2.53366
2.7176
2.69102
2.20242
2.69514
2.92496
2.6786
1.66751
2.48983
1.72573
2.37041
2.51473
2.33951
1.62152
2.74977
2.76097
2.41288
2.71007
2.61438
1.87649
3.09742
2.57172
2.69514
2.68244
2.65741
2.74977
2.74977
3.05661
2.32822
2.69514
2.51947
2.19545
2.52033
2.48451
2.19061
2.50238
2.57397
2.74977
2.46839
2.26954
2.68631
2.30851
2.38891
3.51586
2.69603
2.33302
2.7575
2.39313
2.42418
2.37683
3.60008
2.48932
2.4915
2.39768
2.19869
2.39938
2.40787
2.76125
3.00019
2.51515
3.15994
2.29328
2.38897
3.16092
2.37055
2.64904
2.56859
2.52843
2.30014
2.71007
2.65423
1.85195
2.90216
2.21062
2.42418
2.36636
2.26395
2.74679
1.77338
3.15356
2.2374
2.28124
3.00086
3.16092
2.58344
2.1722
2.66725
1.77096
2.38632
2.43112
2.41322
2.62398
2.41254
4.00892
1.67176
1.71233
2.74585
2.47675
2.78874
2.73362
2.77765
2.75683
1.92015
2.70376
1.83314
2.78874
1.79569
2.54952
3.76565
1.65048
2.30033
1.89406
1.75084
2.68584
1.61053
2.78874
2.79201
1.59971
3.86551
2.78628
2.70045
1.60767
2.39395
2.78826
2.33344
1.59412
2.38235
2.68631
3.7997
2.63625
2.78874
2.70045
2.62527
2.5837
2.53292
2.47576
2.55978
2.5837
2.44507
2.59195
2.6024
2.71201
3.01233
2.51904
2.53131
2.5837
2.36686
2.35423
3.04934
2.3758
2.4711
1.64458
2.36209
1.79586
1.87555
2.31633
2.86852
2.36209
2.39657
2.35564
2.79583
2.85288
2.39392
2.80773
2.73086
2.10862
2.33742
2.36686
2.30136
2.85268
2.10885
3.04934
2.57735
2.33599
2.48436
2.55736
2.61307
2.59485
2.36686
1.71795
2.48367
2.22853
2.59041
2.87845
2.69948
2.48453
2.14896
2.61621
2.5855
2.47812
2.65388
2.89485
2.40282
1.9167
2.59471
1.92522
2.55892
2.67071
2.45648
2.45545
2.48367
2.54539
2.89485
2.89485
2.26269
2.61307
1.73716
2.85309
2.63968
2.18676
2.53934
1.83159
2.23902
2.64269
2.60161
2.91481
2.18676
2.61307
2.71728
2.33313
2.21535
2.26347
2.54563
2.25982
3.16092
2.424
2.31497
2.28536
2.81387
2.55474
2.74514
2.50775
2.91389
2.8907
2.91481
2.61471
2.55748
2.33834
3.00086
1.89668
2.35628
2.29144
2.86118
3.16092
2.34438
2.70825
2.37566
3.11545
2.59704
2.03587
2.39617
2.81387
2.96412
2.05073
2.44707
2.36339
2.74404
2.4028
2.71853
1.94108
2.39388
2.38484
2.57273
2.78178
2.42838
2.29108
2.5287
2.82933
2.30436
2.56732
2.20148
2.34271
2.27238
2.40651
2.08037
2.78546
2.78826
2.20983
2.20588
2.33773
2.81387
2.3056
2.02515
2.68232
2.20819
2.29866
2.40714
1.91833
2.309
1.88609
2.20148
2.28103
2.71346
2.28372
2.12279
2.52546
2.50001
2.25599
2.78826
2.60865
2.42053
2.45422
2.14989
2.63514
2.20819
2.60045
2.59166
2.703
2.52902
2.2299
2.18297
2.09223
2.03492
2.23245
2.19996
1.99681
2.61126
2.45223
2.3671
1.92709
2.0533
2.63771
2.70243
2.39657
2.32495
2.28031
2.09245
2.703
2.20148
2.0552
2.30778
2.36522
1.83351
2.39657
2.43173
2.29403
2.32495
2.39392
2.30906
2.28953
2.32495
2.38927
2.29911
2.12662
2.526
1.87478
2.36595
2.25571
2.09776
2.27805
1.7575
2.39657
3.02413
2.33906
2.85268
2.28847
1.71537
2.30149
2.52207
2.703
2.75166
1.9823
2.33875
1.90987
2.44009
2.2204
2.27133
1.9192
2.21864
2.25237
2.26438
2.59625
2.56089
2.05069
2.21864
2.69919
2.18494
2.54708
2.82873
2.09005
2.78218
2.32535
2.23093
2.25571
2.4915
2.34757
2.68531
1.78881
2.35431
2.4908
2.05882
2.20892
2.12111
2.02218
2.41928
2.2104
2.37354
2.06494
2.6315
2.31531
1.72799
2.92733
3.15536
1.86719
2.2838
2.89485
