# Time-averaged data for fix avg_press
# TimeStep c_thermo_press
201000 2489.81
202000 2709.73
203000 2661.35
204000 2647.33
205000 2683.79
206000 2703.82
207000 2682.88
208000 2724.01
209000 2654.3
210000 2623.47
211000 2706.47
212000 2769.89
213000 2670.58
214000 2719.05
215000 2806.08
216000 2719.82
217000 2654.07
218000 2719.02
219000 2660.22
220000 2734.45
221000 2657.67
222000 2713.51
223000 2776.08
224000 2697.89
225000 2763.27
226000 2634.95
227000 2747.55
228000 2734.34
229000 2672.95
230000 2658.83
231000 2683.4
232000 2690.93
233000 2640.65
234000 2662.03
235000 2689.61
236000 2709.44
237000 2725.81
238000 2759.71
239000 2589.44
240000 2622.6
241000 2704.69
242000 2754.21
243000 2622.86
244000 2728.2
245000 2776.97
246000 2777.91
247000 2714.82
248000 2821.88
249000 2725.71
250000 2698.36
251000 2763.18
252000 2695.84
253000 2762.45
254000 2746.07
255000 2773.5
256000 2833.84
257000 2721.85
258000 2741.78
259000 2769.31
260000 2708.78
261000 2681.01
262000 2767.42
263000 2693.04
264000 2742.91
265000 2755.28
266000 2688.97
267000 2742.39
268000 2689.11
269000 2726.39
270000 2730.41
271000 2765.18
272000 2777.02
273000 2743.23
274000 2754.72
275000 2708.03
276000 2709.22
277000 2855.4
278000 2783.43
279000 2787.53
280000 2751.67
281000 2668.64
282000 2764.12
283000 2754.23
284000 2741.52
285000 2691.34
286000 2685.69
287000 2721.24
288000 2761.49
289000 2780.38
290000 2777.76
291000 2699.07
292000 2730.15
293000 2749.64
294000 2746.56
295000 2793.08
296000 2807.1
297000 2797.01
298000 2784.03
299000 2767.02
300000 2806.49
301000 2658.38
302000 2717.26
303000 2708.9
304000 2782.16
305000 2737.74
306000 2714.95
307000 2779.97
308000 2755.27
309000 2709.56
310000 2811.35
311000 2743
312000 2727.89
313000 2766.99
314000 2758.12
315000 2749.98
316000 2666.16
317000 2694.39
318000 2753.66
319000 2792.28
320000 2801.18
321000 2741.53
322000 2644.56
323000 2727.58
324000 2691.91
325000 2707.36
326000 2629.01
327000 2702.33
328000 2740.64
329000 2759.47
330000 2657.87
331000 2665.79
332000 2719.51
333000 2682.73
334000 2733.09
335000 2761.22
336000 2724.32
337000 2783.39
338000 2724.53
339000 2707.77
340000 2719.11
341000 2662.92
342000 2711.52
343000 2684.91
344000 2685.79
345000 2621.91
346000 2542.28
347000 2677.62
348000 2710.28
349000 2688.71
350000 2608.74
351000 2696.26
352000 2652.4
353000 2717.48
354000 2617.99
355000 2742.7
356000 2780.21
357000 2730.76
358000 2686.94
359000 2783.89
360000 2693.99
361000 2621.91
362000 2576.3
363000 2644.03
364000 2713.36
365000 2643.08
366000 2689.16
367000 2702.94
368000 2738.4
369000 2661.74
370000 2715.45
371000 2687.71
372000 2685.71
373000 2642.09
374000 2696.99
375000 2646.39
376000 2610.64
377000 2577.27
378000 2699.62
379000 2740.29
380000 2731.59
381000 2725.97
382000 2671.64
383000 2629.02
384000 2730.92
385000 2757.36
386000 2646.75
387000 2727.24
388000 2671.47
389000 2631.25
390000 2702.24
391000 2659.12
392000 2720.34
393000 2705.99
394000 2724.16
395000 2643.83
396000 2679.13
397000 2696.03
398000 2796.95
399000 2671.6
400000 2720.65
401000 2745.76
402000 2696.21
403000 2699.8
404000 2694.56
405000 2671.94
406000 2706.49
407000 2581.51
408000 2664.59
409000 2682.26
410000 2661.52
411000 2704.85
412000 2743.69
413000 2733.1
414000 2650.35
415000 2759.58
416000 2704.08
417000 2770.25
418000 2637.16
419000 2672.75
420000 2779.44
421000 2675.65
422000 2700.76
423000 2712.92
424000 2698.73
425000 2830.82
426000 2674.79
427000 2802.82
428000 2773.14
429000 2669.42
430000 2722.26
431000 2816.6
432000 2768.22
433000 2738.58
434000 2747.29
435000 2682.89
436000 2663.31
437000 2679.04
438000 2656.67
439000 2846.32
440000 2694.28
441000 2781.59
442000 2771.96
443000 2749.6
444000 2716.95
445000 2718.6
446000 2683.7
447000 2767.11
448000 2724.02
449000 2757.91
450000 2840.07
451000 2775.7
452000 2820.75
453000 2761.13
454000 2748.25
455000 2776.26
456000 2709.77
457000 2713.05
458000 2891.6
459000 2681.59
460000 2791.99
461000 2781.42
462000 2777.83
463000 2757.01
464000 2769.17
465000 2769.25
466000 2836.92
467000 2869.31
468000 2745.48
469000 2790.83
470000 2690.32
471000 2750.88
472000 2874.39
473000 2646.63
474000 2759.05
475000 2657.04
476000 2749.81
477000 2755.93
478000 2783.99
479000 2821.51
480000 2718.05
481000 2886.19
482000 2660.18
483000 2808.86
484000 2813.15
485000 2698.53
486000 2775.07
487000 2747.88
488000 2822.74
489000 2771.4
490000 2667.49
491000 2676.02
492000 2828.9
493000 2690.96
494000 2717.67
495000 2683.35
496000 2790.38
497000 2764.26
498000 2776.47
499000 2753.58
500000 2811.1
501000 2692.55
502000 2801.48
503000 2840.7
504000 2721.77
505000 2772.86
506000 2709.18
507000 2698.42
508000 2774.13
509000 2642.03
510000 2745.78
511000 2775.57
512000 2757.94
513000 2726.99
514000 2747.87
515000 2704.77
516000 2681.56
517000 2740.39
518000 2677.97
519000 2771.72
520000 2696.69
521000 2669.21
522000 2754.04
523000 2800.39
524000 2750.36
525000 2724.71
526000 2770.28
527000 2722.69
528000 2655.63
529000 2828.29
530000 2713.53
531000 2710
532000 2741.33
533000 2764.17
534000 2765.2
535000 2695.56
536000 2713.03
537000 2738.05
538000 2635.08
539000 2714.04
540000 2757.75
541000 2753.63
542000 2733.88
543000 2721.61
544000 2834.63
545000 2701.96
546000 2735.04
547000 2625.59
548000 2694.11
549000 2685.22
550000 2749.21
551000 2711.43
552000 2777.72
553000 2713.01
554000 2742.49
555000 2739.17
556000 2722.57
557000 2728.05
558000 2747.77
559000 2737.03
560000 2865.04
561000 2753.7
562000 2677.2
563000 2748.68
564000 2714.26
565000 2774.18
566000 2819.45
567000 2774.84
568000 2809.48
569000 2740.53
570000 2749.59
571000 2731.85
572000 2675.2
573000 2754.47
574000 2829.75
575000 2798.33
576000 2778.5
577000 2790.59
578000 2861.1
579000 2728.4
580000 2805.5
581000 2752.04
582000 2750.72
583000 2758.19
584000 2835.9
585000 2744.86
586000 2840.57
587000 2657.5
588000 2730.41
589000 2748.7
590000 2764.41
591000 2727.85
592000 2685.8
593000 2781.19
594000 2778.15
595000 2794.06
596000 2786.45
597000 2788.65
598000 2807.05
599000 2624.97
600000 2654.2
601000 2716.31
602000 2710.95
603000 2708.49
604000 2640.55
605000 2717.96
606000 2716.87
607000 2710.37
608000 2685.43
609000 2726.73
610000 2680.72
611000 2782.78
612000 2802.13
613000 2713.43
614000 2724.18
615000 2795.49
616000 2772.44
617000 2719.15
618000 2777.29
619000 2735.55
620000 2757.09
621000 2835.71
622000 2755.5
623000 2681.62
624000 2753.33
625000 2726.53
626000 2790.54
627000 2702.58
628000 2682.97
629000 2726.31
630000 2870.07
631000 2785.11
632000 2780.08
633000 2839.41
634000 2776.56
635000 2687.42
636000 2730.22
637000 2728.78
638000 2643.62
639000 2770.21
640000 2796.18
641000 2726.42
642000 2681.73
643000 2771.65
644000 2825.77
645000 2768.71
646000 2731.71
647000 2789.01
648000 2756.18
649000 2804.89
650000 2768.28
651000 2703.52
652000 2720.35
653000 2783
654000 2758.4
655000 2710.62
656000 2771.2
657000 2690.11
658000 2749.35
659000 2730.98
660000 2690.97
661000 2690.84
662000 2726.37
663000 2764.66
664000 2794.36
665000 2756.52
666000 2782.38
667000 2762.39
668000 2737.25
669000 2700.87
670000 2755.42
671000 2679.36
672000 2791.31
673000 2731.34
674000 2733.94
675000 2789.51
676000 2640.36
677000 2788.51
678000 2781.93
679000 2744.04
680000 2798.39
681000 2717.39
682000 2723.37
683000 2789.49
684000 2702.62
685000 2745.86
686000 2733.66
687000 2682.7
688000 2708.65
689000 2753.64
690000 2740.5
691000 2730.16
692000 2779.91
693000 2744.39
694000 2819.82
695000 2806.64
696000 2755.96
697000 2767.14
698000 2700.43
699000 2701.5
700000 2751.81
