# Time-averaged data for fix avg_press
# TimeStep c_thermo_press
201000 2324.76
202000 2600.15
203000 2640.76
204000 2565.78
205000 2639.35
206000 2634.18
207000 2695.97
208000 2679.85
209000 2681.25
210000 2616.64
211000 2534.67
212000 2620.34
213000 2558.18
214000 2542.69
215000 2630.21
216000 2673.05
217000 2624.22
218000 2565.27
219000 2610.4
220000 2731.33
221000 2625.16
222000 2590.3
223000 2607.65
224000 2660.54
225000 2567.69
226000 2572.71
227000 2593.03
228000 2621.77
229000 2681.17
230000 2604.08
231000 2586.93
232000 2532.58
233000 2562.99
234000 2565.16
235000 2599.8
236000 2541.95
237000 2526.53
238000 2636.32
239000 2528.59
240000 2652.21
241000 2622.46
242000 2633.89
243000 2601.02
244000 2554.66
245000 2478.42
246000 2544.06
247000 2600.21
248000 2557.12
249000 2528.92
250000 2665.91
251000 2616.12
252000 2628.05
253000 2557.06
254000 2550.77
255000 2494.46
256000 2534.2
257000 2556.26
258000 2495.12
259000 2543.7
260000 2606.65
261000 2498.59
262000 2534.35
263000 2552.46
264000 2451.52
265000 2525.02
266000 2494.36
267000 2525.75
268000 2558.53
269000 2521.54
270000 2484.68
271000 2477.69
272000 2549.38
273000 2526.96
274000 2573.83
275000 2526.71
276000 2533.32
277000 2530.53
278000 2512.75
279000 2560.07
280000 2475.57
281000 2582.17
282000 2596.76
283000 2553.63
284000 2452.3
285000 2436.04
286000 2456.69
287000 2352.77
288000 2593.15
289000 2467.5
290000 2494.54
291000 2508.36
292000 2533.02
293000 2436.03
294000 2503.18
295000 2448.53
296000 2478.03
297000 2499.01
298000 2464
299000 2387.81
300000 2501.94
301000 2462.44
302000 2540.98
303000 2518.92
304000 2433.44
305000 2459.09
306000 2429.89
307000 2492.31
308000 2424.21
309000 2457.09
310000 2364.86
311000 2472.28
312000 2535.88
313000 2468.35
314000 2507.55
315000 2477.03
316000 2456.92
317000 2448.1
318000 2554.64
319000 2464.77
320000 2512.43
321000 2449.81
322000 2377.3
323000 2504.94
324000 2518.96
325000 2403.6
326000 2464.26
327000 2473.32
328000 2451.1
329000 2423.46
330000 2507.48
331000 2501.8
332000 2509.55
333000 2457.55
334000 2433.2
335000 2402.44
336000 2433.32
337000 2394.81
338000 2434
339000 2462.17
340000 2456.03
341000 2456.25
342000 2438.88
343000 2431
344000 2549.78
345000 2512.99
346000 2410.69
347000 2403.04
348000 2546.99
349000 2439.09
350000 2445.14
351000 2403.63
352000 2446.53
353000 2439.11
354000 2484.62
355000 2446.63
356000 2432.29
357000 2425.06
358000 2432.05
359000 2603.47
360000 2456.67
361000 2391.07
362000 2463.5
363000 2446.55
364000 2447.67
365000 2379.42
366000 2506.74
367000 2414.09
368000 2421.46
369000 2462.32
370000 2510.65
371000 2362.53
372000 2504.19
373000 2437.52
374000 2421.66
375000 2442.34
376000 2407.24
377000 2425.88
378000 2420.13
379000 2461.47
380000 2528.42
381000 2487.79
382000 2366.69
383000 2364.93
384000 2451.73
385000 2363.06
386000 2419.48
387000 2467.32
388000 2494.05
389000 2440.33
390000 2431.87
391000 2421.25
392000 2498.95
393000 2424.38
394000 2394.65
395000 2316.15
396000 2490.68
397000 2422.32
398000 2454.12
399000 2510.95
400000 2438.9
401000 2419.56
402000 2448.07
403000 2437.99
404000 2419.02
405000 2392.59
406000 2422.12
407000 2383.97
408000 2456.86
409000 2372.52
410000 2434.98
411000 2347.43
412000 2426.82
413000 2433.51
414000 2485.86
415000 2394.5
416000 2401.61
417000 2472.53
418000 2405.73
419000 2393.67
420000 2444.12
421000 2469.4
422000 2404.01
423000 2474.15
424000 2406.22
425000 2464.3
426000 2429.08
427000 2391.53
428000 2400.48
429000 2450.67
430000 2470.55
431000 2376.18
432000 2402.95
433000 2454.5
434000 2499.85
435000 2457.49
436000 2447.47
437000 2372.12
438000 2467.11
439000 2410.59
440000 2410.58
441000 2472.94
442000 2409.5
443000 2421.85
444000 2366.7
445000 2446.4
446000 2477.4
447000 2484.46
448000 2434.47
449000 2335.17
450000 2363.47
451000 2356.96
452000 2394.49
453000 2442.55
454000 2451.1
455000 2389.31
456000 2399.24
457000 2370.04
458000 2503.57
459000 2357.38
460000 2424.12
461000 2467.88
462000 2431.93
463000 2474.27
464000 2413.87
465000 2356.85
466000 2353.68
467000 2448.9
468000 2431.89
469000 2382.69
470000 2340.89
471000 2381.96
472000 2391.07
473000 2377.62
474000 2425.79
475000 2323.91
476000 2347.44
477000 2465.5
478000 2320.63
479000 2377.61
480000 2378.54
481000 2408.24
482000 2363.08
483000 2438.17
484000 2381.99
485000 2396.81
486000 2407.79
487000 2309.12
488000 2385.77
489000 2430.26
490000 2391.75
491000 2383.02
492000 2337.55
493000 2405.47
494000 2359.71
495000 2370.97
496000 2322.59
497000 2352.22
498000 2362.06
499000 2428.41
500000 2297.8
501000 2314.17
502000 2448.7
503000 2325.49
504000 2439.9
505000 2393.11
506000 2407.49
507000 2446.78
508000 2322.01
509000 2381.34
510000 2391.24
511000 2368.22
512000 2373.91
513000 2317.96
514000 2416.82
515000 2376.21
516000 2331.07
517000 2383.83
518000 2361.99
519000 2356.11
520000 2367.3
521000 2415.94
522000 2395.18
523000 2301.76
524000 2422.62
525000 2386.24
526000 2332.9
527000 2363.07
528000 2351.6
529000 2371.39
530000 2290.81
531000 2355.67
532000 2433.63
533000 2382.43
534000 2347.71
535000 2388.78
536000 2420.95
537000 2414.02
538000 2375.34
539000 2307.12
540000 2325.95
541000 2373.84
542000 2436.52
543000 2432.76
544000 2389.25
545000 2350.56
546000 2363.44
547000 2417.03
548000 2476.11
549000 2368.97
550000 2363.66
551000 2346.04
552000 2323.15
553000 2428.68
554000 2408.21
555000 2366.22
556000 2382.98
557000 2434.83
558000 2421.63
559000 2421.31
560000 2435.76
561000 2317.89
562000 2401.59
563000 2421.09
564000 2451.82
565000 2298.35
566000 2316.92
567000 2367.43
568000 2378.54
569000 2387.68
570000 2414.42
571000 2481.17
572000 2370.75
573000 2416.88
574000 2403.88
575000 2385.22
576000 2482.03
577000 2480.66
578000 2397.28
579000 2408.28
580000 2385.8
581000 2442.35
582000 2374.18
583000 2374.17
584000 2408.61
585000 2393.37
586000 2323.17
587000 2385.14
588000 2430.53
589000 2348.98
590000 2347.21
591000 2493.75
592000 2323.31
593000 2471.99
594000 2379.57
595000 2361.04
596000 2371.48
597000 2416.96
598000 2397.36
599000 2392.66
600000 2312.05
601000 2405.23
602000 2472.66
603000 2315.79
604000 2454.89
605000 2458.91
606000 2442.06
607000 2393.92
608000 2418.96
609000 2429.52
610000 2483.41
611000 2418.54
612000 2390.66
613000 2424.7
614000 2405.22
615000 2445.11
616000 2449.54
617000 2379.32
618000 2446.47
619000 2466.64
620000 2448.38
621000 2457.6
622000 2414.4
623000 2461.08
624000 2424.76
625000 2454.95
626000 2348.13
627000 2423.59
628000 2371.08
629000 2455.11
630000 2483.27
631000 2418.34
632000 2382.04
633000 2516.16
634000 2404.94
635000 2493.13
636000 2433.01
637000 2405.1
638000 2494.31
639000 2396.63
640000 2506.8
641000 2482.2
642000 2457.12
643000 2432.96
644000 2436.49
645000 2345.98
646000 2318.65
647000 2480.88
648000 2413.71
649000 2494.28
650000 2518.54
651000 2506.3
652000 2449.49
653000 2463.61
654000 2467.58
655000 2393.52
656000 2384.9
657000 2383.7
658000 2362.76
659000 2433.9
660000 2466.06
661000 2379.29
662000 2440.5
663000 2387.68
664000 2457.76
665000 2514.12
666000 2468.4
667000 2450.4
668000 2409.51
669000 2382.68
670000 2392.75
671000 2487.74
672000 2432.89
673000 2428.13
674000 2416.25
675000 2362.9
676000 2332.56
677000 2459.1
678000 2434.45
679000 2454.43
680000 2399.06
681000 2419.75
682000 2402.46
683000 2392.22
684000 2428.54
685000 2436.9
686000 2305.58
687000 2397.73
688000 2459.01
689000 2291.49
690000 2375.81
691000 2427.38
692000 2401.76
693000 2374.45
694000 2318.63
695000 2422.07
696000 2422.23
697000 2406.47
698000 2423.34
699000 2409.99
700000 2390.41
