# Time-averaged data for fix avg_press
# TimeStep c_thermo_press
201000 14.3225
202000 14.8895
203000 13.5676
204000 14.5805
205000 14.6662
206000 14.5624
207000 14.2135
208000 13.7833
209000 13.7887
210000 14.4971
211000 14.5772
212000 13.9765
213000 14.3648
214000 14.9581
215000 13.4564
216000 13.9363
217000 13.9043
218000 14.607
219000 14.3527
220000 14.1981
221000 13.49
222000 14.7296
223000 14.3421
224000 15.0423
225000 13.2785
226000 15.1055
227000 13.3681
228000 15.2193
229000 14.5362
230000 15.132
231000 13.203
232000 15.2526
233000 13.7987
234000 14.7665
235000 13.838
236000 14.6373
237000 13.4833
238000 15.1034
239000 13.3788
240000 15.6124
241000 13.3534
242000 12.9571
243000 14.113
244000 14.1699
245000 14.3517
246000 14.9949
247000 15.3149
248000 14.7681
249000 13.898
250000 14.3149
251000 13.9337
252000 14.5227
253000 14.4457
254000 13.8659
255000 13.2087
256000 15.299
257000 13.5467
258000 13.4011
259000 13.0948
260000 14.5432
261000 13.6174
262000 15.3263
263000 14.6222
264000 14.3187
265000 13.8762
266000 14.6426
267000 13.754
268000 13.8931
269000 13.2392
270000 15.0621
271000 14.5656
272000 14.7655
273000 13.5925
274000 15.2364
275000 14.2797
276000 14.2685
277000 13.3511
278000 14.8947
279000 14.4611
280000 14.4748
281000 14.7168
282000 14.4058
283000 13.5469
284000 14.5115
285000 13.4341
286000 15.2387
287000 13.9495
288000 14.2924
289000 14.0056
290000 15.1975
291000 15.6688
292000 14.1301
293000 14.7374
294000 14.314
295000 13.6511
296000 14.0307
297000 13.6903
298000 14.3298
299000 13.8517
300000 14.8447
301000 13.3593
302000 15.2083
303000 14.4256
304000 14.3388
305000 13.6767
306000 15.0107
307000 14.5854
308000 14.501
309000 14.1665
310000 14.7452
311000 13.4035
312000 15.1243
313000 13.5735
314000 14.5678
315000 13.6605
316000 14.2846
317000 13.5745
318000 15.157
319000 13.7726
320000 14.5155
321000 13.8503
322000 14.58
323000 14.0558
324000 14.8799
325000 13.715
326000 13.7033
327000 13.9576
328000 14.884
329000 13.8287
330000 14.6768
331000 13.5052
332000 15.1619
333000 13.7907
334000 15.0515
335000 13.9055
336000 14.5994
337000 13.5713
338000 14.9481
339000 13.2736
340000 15.1674
341000 12.9536
342000 14.5095
343000 13.7438
344000 15.3834
345000 13.5958
346000 14.8641
347000 14.8191
348000 13.0638
349000 13.2325
350000 14.8806
351000 13.3213
352000 14.6342
353000 12.6246
354000 15.09
355000 14.0241
356000 14.467
357000 13.9863
358000 14.65
359000 13.532
360000 15.3516
361000 14.5442
362000 15.5182
363000 14.5328
364000 13.1889
365000 13.9434
366000 14.6943
367000 13.5345
368000 14.5289
369000 13.4083
370000 15.3352
371000 13.6531
372000 14.295
373000 14.3664
374000 13.6935
375000 13.5222
376000 15.2809
377000 14.5958
378000 14.6598
379000 14.0264
380000 14.6446
381000 13.7341
382000 15.0553
383000 13.9544
384000 14.506
385000 14.4207
386000 13.8673
387000 14.3079
388000 14.877
389000 13.5271
390000 14.832
391000 13.4504
392000 16.3689
393000 13.9166
394000 14.8136
395000 13.8903
396000 14.7004
397000 13.66
398000 14.1308
399000 14.0238
400000 14.6827
401000 14.717
402000 15.0192
403000 14.2902
404000 15.4481
405000 14.2868
406000 14.0146
407000 13.1202
408000 15.2921
409000 13.0631
410000 14.5423
411000 13.4675
412000 14.7736
413000 14.7793
414000 14.6078
415000 13.7874
416000 14.5228
417000 13.2728
418000 13.9334
419000 14.3141
420000 12.8921
421000 13.5032
422000 14.8963
423000 13.7614
424000 14.6091
425000 13.4358
426000 13.7587
427000 13.7711
428000 14.418
429000 13.8059
430000 14.3333
431000 14.3371
432000 14.8289
433000 13.4833
434000 14.7636
435000 13.8781
436000 14.9035
437000 13.7075
438000 15.3135
439000 14.6597
440000 14.9539
441000 14.4484
442000 15.1209
443000 14.9891
444000 13.2856
445000 13.884
446000 14.7419
447000 13.3589
448000 15.3135
449000 13.9632
450000 14.6404
451000 14.893
452000 14.2077
453000 14.3542
454000 14.9977
455000 13.8325
456000 14.9467
457000 13.546
458000 13.9818
459000 13.6286
460000 15.0492
461000 13.6443
462000 15.0323
463000 13.191
464000 14.8056
465000 14.2111
466000 14.9309
467000 13.3699
468000 14.7418
469000 14.0219
470000 14.8263
471000 13.5449
472000 14.9521
473000 14.8501
474000 14.1767
475000 12.7138
476000 14.2848
477000 13.6009
478000 13.7918
479000 13.6618
480000 15.4207
481000 14.2984
482000 14.8878
483000 14.4179
484000 14.4905
485000 13.47
486000 14.4368
487000 13.9371
488000 14.3891
489000 13.4122
490000 13.9539
491000 14.037
492000 13.5386
493000 13.7882
494000 14.6049
495000 13.7329
496000 15.1148
497000 13.4711
498000 14.4421
499000 12.9745
500000 13.7221
501000 14.0918
502000 14.7353
503000 13.3693
504000 15.0987
505000 13.7919
506000 14.3487
507000 13.8017
508000 13.682
509000 13.8862
510000 14.6511
511000 13.7767
512000 13.2197
513000 13.5575
514000 14.648
515000 14.2094
516000 14.5518
517000 13.4818
518000 15.8527
519000 14.1788
520000 14.5228
521000 13.1322
522000 14.5117
523000 14.6231
524000 14.7669
525000 13.9719
526000 14.6903
527000 14.0046
528000 14.3203
529000 14.0824
530000 15.2363
531000 13.0758
532000 14.5949
533000 14.6185
534000 14.5747
535000 13.3007
536000 14.8034
537000 13.9838
538000 14.6254
539000 14.3408
540000 14.6077
541000 13.6794
542000 14.6172
543000 14.2694
544000 15.031
545000 14.1054
546000 13.7404
547000 12.6156
548000 14.635
549000 13.3407
550000 15.0347
551000 13.5056
552000 14.9414
553000 13.6379
554000 15.1818
555000 14.2608
556000 15.346
557000 14.191
558000 14.8302
559000 14.0925
560000 14.9499
561000 13.1205
562000 13.4321
563000 14.2771
564000 13.7932
565000 13.2113
566000 14.7927
567000 14.7692
568000 14.951
569000 14.0152
570000 14.5594
571000 14.5687
572000 14.7069
573000 13.7374
574000 14.3966
575000 13.3542
576000 14.1435
577000 14.2056
578000 14.701
579000 13.5979
580000 15.2629
581000 13.3099
582000 15.1084
583000 13.5777
584000 15.0207
585000 13.312
586000 15.2165
587000 14.4084
588000 14.7316
589000 14.0874
590000 14.6378
591000 13.134
592000 14.6426
593000 13.7492
594000 15.1368
595000 14.614
596000 15.502
597000 13.3138
598000 15.2047
599000 13.2536
600000 14.8282
601000 13.0318
602000 14.4344
603000 14.2472
604000 15.6872
605000 13.872
606000 14.4261
607000 14.6616
608000 15.7614
609000 13.5424
610000 14.2091
611000 13.9913
612000 14.6037
613000 13.5378
614000 15.251
615000 14.3187
616000 14.1996
617000 13.5082
618000 15.0167
619000 13.7694
620000 14.3506
621000 14.2941
622000 14.8505
623000 14.1682
624000 15.1284
625000 15.1495
626000 14.5487
627000 13.68
628000 15.2727
629000 13.2309
630000 13.8479
631000 13.9396
632000 14.573
633000 14.0249
634000 15.3057
635000 12.914
636000 14.3631
637000 14.5596
638000 14.0588
639000 13.9037
640000 14.7014
641000 13.3951
642000 15.0403
643000 13.1979
644000 14.7294
645000 13.7999
646000 14.7019
647000 14.0549
648000 14.9317
649000 15.0801
650000 14.7083
651000 13.5192
652000 14.4957
653000 13.714
654000 14.8473
655000 13.9874
656000 13.231
657000 14.0339
658000 14.7995
659000 14.2738
660000 13.7948
661000 13.5244
662000 15.1756
663000 14.6955
664000 13.9136
665000 13.6884
666000 15.0336
667000 13.8627
668000 14.5935
669000 13.9373
670000 14.6249
671000 13.8239
672000 14.1561
673000 14.3988
674000 14.1838
675000 14.9342
676000 13.147
677000 13.3779
678000 15.3334
679000 13.8404
680000 14.6341
681000 13.6789
682000 15.1009
683000 13.0945
684000 14.715
685000 14.677
686000 13.9228
687000 14.5717
688000 14.3659
689000 14.0977
690000 15.0665
691000 13.4202
692000 14.2586
693000 13.2837
694000 14.8905
695000 13.6542
696000 14.6425
697000 13.8773
698000 14.1908
699000 13.9142
700000 14.1083
