# Time-averaged data for fix avg_press
# TimeStep c_thermo_press
201000 1501.67
202000 1958.16
203000 1957.75
204000 1946.94
205000 1891.27
206000 1956.69
207000 1866.17
208000 1871.69
209000 1882.26
210000 1914.49
211000 1924.41
212000 1902.31
213000 1881.74
214000 1944.71
215000 1891.46
216000 1898.38
217000 1780.55
218000 1835.63
219000 1828.2
220000 1887.78
221000 1879.03
222000 1824.01
223000 1869.78
224000 1795.94
225000 1749.43
226000 1771.5
227000 1785.02
228000 1824.27
229000 1759.85
230000 1783.16
231000 1672.75
232000 1711.5
233000 1695.89
234000 1695.96
235000 1679.44
236000 1713.72
237000 1707.15
238000 1790.02
239000 1625.29
240000 1725.95
241000 1746.46
242000 1739.14
243000 1692.43
244000 1731.91
245000 1718.54
246000 1699.52
247000 1719.41
248000 1690.31
249000 1653.61
250000 1674.31
251000 1641.31
252000 1654.62
253000 1643.73
254000 1671.88
255000 1639.62
256000 1682.83
257000 1650.3
258000 1662.7
259000 1644.26
260000 1664.03
261000 1600.67
262000 1664.45
263000 1641.13
264000 1645.68
265000 1650.11
266000 1599.04
267000 1602.21
268000 1639.54
269000 1584.09
270000 1608.85
271000 1617.99
272000 1610.38
273000 1622.67
274000 1563.58
275000 1595.83
276000 1587.92
277000 1554.84
278000 1568.82
279000 1603.76
280000 1643.36
281000 1574.31
282000 1545.16
283000 1590.91
284000 1576.48
285000 1546.68
286000 1586.48
287000 1571.89
288000 1519.93
289000 1540.9
290000 1556.55
291000 1527.22
292000 1547.2
293000 1553.61
294000 1544.94
295000 1525.85
296000 1555.94
297000 1497.47
298000 1506.98
299000 1556.03
300000 1569.09
301000 1535.92
302000 1478.81
303000 1574.45
304000 1506.04
305000 1551.5
306000 1502.59
307000 1503.62
308000 1499.14
309000 1500.44
310000 1509.25
311000 1438.47
312000 1484.71
313000 1530.48
314000 1476.84
315000 1448.06
316000 1436.45
317000 1455.68
318000 1519.76
319000 1505.94
320000 1431.98
321000 1458.92
322000 1524.04
323000 1442.14
324000 1517.97
325000 1412.54
326000 1419.52
327000 1474.16
328000 1537.65
329000 1417.35
330000 1527.21
331000 1451.82
332000 1454.83
333000 1383.58
334000 1557.16
335000 1441.62
336000 1438.45
337000 1441.68
338000 1428.11
339000 1442.04
340000 1459.75
341000 1412.19
342000 1429.23
343000 1437.97
344000 1465.79
345000 1415.13
346000 1380.24
347000 1390.11
348000 1457.59
349000 1454.91
350000 1441.37
351000 1404.81
352000 1458.58
353000 1442.01
354000 1464.06
355000 1375.04
356000 1414.8
357000 1355.32
358000 1386.93
359000 1374.04
360000 1382.94
361000 1430.64
362000 1440.21
363000 1383.13
364000 1420.01
365000 1402.61
366000 1449.96
367000 1444.33
368000 1409.8
369000 1378.04
370000 1535.33
371000 1438.52
372000 1467.6
373000 1456.6
374000 1455.89
375000 1503.31
376000 1443.48
377000 1416.03
378000 1477.95
379000 1430.8
380000 1454.52
381000 1377.57
382000 1424.86
383000 1415.08
384000 1430.89
385000 1431.37
386000 1471.95
387000 1428.71
388000 1439.39
389000 1458.99
390000 1461.74
391000 1414.53
392000 1416.58
393000 1421.37
394000 1422.19
395000 1384.62
396000 1482.26
397000 1465.42
398000 1520.81
399000 1393.45
400000 1502.62
401000 1442.49
402000 1368.09
403000 1423.18
404000 1406.08
405000 1443.02
406000 1474.69
407000 1391.76
408000 1447.23
409000 1476.73
410000 1460.9
411000 1454.31
412000 1453.16
413000 1388.53
414000 1461.48
415000 1414.27
416000 1411.28
417000 1413.49
418000 1397.76
419000 1368.96
420000 1384.22
421000 1519.96
422000 1399.37
423000 1405.02
424000 1395.03
425000 1430.55
426000 1386.55
427000 1384.45
428000 1419.12
429000 1407.91
430000 1385.87
431000 1428.6
432000 1481.02
433000 1428.17
434000 1425.66
435000 1387.44
436000 1407.51
437000 1392.29
438000 1365.13
439000 1379.97
440000 1392.72
441000 1381.49
442000 1354.04
443000 1434.46
444000 1423.46
445000 1416.96
446000 1388.77
447000 1332.07
448000 1369.93
449000 1392.08
450000 1423.25
451000 1371.65
452000 1387.85
453000 1379.88
454000 1428.69
455000 1365.47
456000 1364.46
457000 1418.2
458000 1322.72
459000 1365.05
460000 1371.46
461000 1383.79
462000 1399.82
463000 1402.06
464000 1408.47
465000 1379.93
466000 1397.05
467000 1344.37
468000 1342.62
469000 1395.98
470000 1460.58
471000 1437.17
472000 1398.04
473000 1369.2
474000 1381.38
475000 1333.92
476000 1379.48
477000 1423.94
478000 1411.34
479000 1395.05
480000 1382.29
481000 1371.43
482000 1401.98
483000 1409.91
484000 1377.35
485000 1369.37
486000 1339.91
487000 1413.37
488000 1422.01
489000 1367.57
490000 1345.82
491000 1349.77
492000 1299.18
493000 1421.59
494000 1425.03
495000 1397.33
496000 1422.3
497000 1421.26
498000 1479.98
499000 1372.65
500000 1370.76
501000 1401.09
502000 1336.02
503000 1384.79
504000 1415.36
505000 1394.68
506000 1348.43
507000 1394.4
508000 1371.61
509000 1401.03
510000 1383.91
511000 1389.65
512000 1388.77
513000 1399.39
514000 1441.35
515000 1396.94
516000 1347.31
517000 1394.76
518000 1436.36
519000 1372.69
520000 1439.02
521000 1339
522000 1393.51
523000 1354.53
524000 1419.44
525000 1362.06
526000 1389.04
527000 1366.6
528000 1421.97
529000 1448.9
530000 1420.24
531000 1395.85
532000 1370.8
533000 1335.32
534000 1363.75
535000 1407.62
536000 1406.98
537000 1383.77
538000 1373.93
539000 1371.61
540000 1392.52
541000 1328.86
542000 1383.25
543000 1347.86
544000 1354.1
545000 1382.98
546000 1327.09
547000 1337.44
548000 1411.26
549000 1406.91
550000 1394.92
551000 1353.7
552000 1433.01
553000 1368.38
554000 1357.92
555000 1351.74
556000 1367.6
557000 1376.73
558000 1362.78
559000 1431.76
560000 1379.96
561000 1393.08
562000 1409.87
563000 1378.42
564000 1391.74
565000 1393.23
566000 1363.23
567000 1405.06
568000 1347.04
569000 1465.59
570000 1373.1
571000 1326.07
572000 1347.27
573000 1366.67
574000 1377.01
575000 1397.36
576000 1384.7
577000 1368.01
578000 1439.5
579000 1384.68
580000 1404.56
581000 1398.1
582000 1379.03
583000 1375.33
584000 1375.6
585000 1315.63
586000 1409.32
587000 1414.14
588000 1332.7
589000 1446.83
590000 1351.01
591000 1369.55
592000 1386.82
593000 1354.36
594000 1415.63
595000 1401.24
596000 1391.31
597000 1362.14
598000 1380.65
599000 1392.69
600000 1347.8
601000 1305.04
602000 1386.5
603000 1382.15
604000 1349.89
605000 1329.23
606000 1385.2
607000 1331.41
608000 1409.97
609000 1359.59
610000 1366.41
611000 1363.59
612000 1387.04
613000 1339.3
614000 1414.37
615000 1403.49
616000 1462.01
617000 1324.53
618000 1352.57
619000 1344
620000 1402.74
621000 1367.28
622000 1377.71
623000 1365.28
624000 1362.18
625000 1397.58
626000 1375.6
627000 1383.36
628000 1348.5
629000 1381.88
630000 1394.9
631000 1439
632000 1371.32
633000 1385.96
634000 1371.55
635000 1456.28
636000 1415.79
637000 1424.16
638000 1441.68
639000 1418.58
640000 1412.84
641000 1341.55
642000 1318.54
643000 1412.64
644000 1398.31
645000 1390.62
646000 1394.53
647000 1309.13
648000 1382.32
649000 1396.44
650000 1354.84
651000 1381.05
652000 1408.39
653000 1412.49
654000 1395.82
655000 1380.38
656000 1389.2
657000 1402.89
658000 1393.54
659000 1378.33
660000 1372.53
661000 1361.95
662000 1367.84
663000 1343.03
664000 1410.63
665000 1384.91
666000 1388.91
667000 1355.15
668000 1407.53
669000 1366.79
670000 1391.5
671000 1333.49
672000 1372.79
673000 1401.04
674000 1389.96
675000 1374.94
676000 1441.29
677000 1402.55
678000 1378.44
679000 1339.4
680000 1428.37
681000 1431.51
682000 1439.76
683000 1391.76
684000 1460.44
685000 1350.13
686000 1456.7
687000 1461.89
688000 1405.07
689000 1333.23
690000 1328.68
691000 1397.74
692000 1416.34
693000 1445.14
694000 1361.87
695000 1441.59
696000 1421.85
697000 1405.24
698000 1409.05
699000 1420.06
700000 1396.95
