# Time-averaged data for fix avg_press
# TimeStep c_thermo_press
201000 2185.75
202000 2552.83
203000 2569.99
204000 2590.36
205000 2509.36
206000 2604.18
207000 2587.73
208000 2528.95
209000 2538.5
210000 2652.13
211000 2594.28
212000 2578.02
213000 2561.82
214000 2516.77
215000 2552.25
216000 2619.76
217000 2495.38
218000 2543.91
219000 2549.58
220000 2587.3
221000 2517.19
222000 2592.86
223000 2504.49
224000 2542.34
225000 2516.8
226000 2642.33
227000 2498.27
228000 2546.24
229000 2557.63
230000 2551.55
231000 2466.79
232000 2537.71
233000 2584.4
234000 2471.09
235000 2528.24
236000 2575.18
237000 2565.14
238000 2503.77
239000 2507.94
240000 2545.44
241000 2547.46
242000 2547.29
243000 2476.25
244000 2550.21
245000 2557.96
246000 2562.26
247000 2537.33
248000 2586.55
249000 2575.66
250000 2599.89
251000 2624.28
252000 2427.05
253000 2558.21
254000 2501.97
255000 2451.78
256000 2481.87
257000 2464.84
258000 2472.4
259000 2500.28
260000 2535.89
261000 2403.4
262000 2409.64
263000 2439.99
264000 2549.62
265000 2470.17
266000 2362.19
267000 2344.2
268000 2416.56
269000 2487.64
270000 2508.47
271000 2402.74
272000 2546.89
273000 2369.87
274000 2494.31
275000 2475.8
276000 2488.91
277000 2419.74
278000 2486.19
279000 2398.66
280000 2486.85
281000 2518.14
282000 2523.22
283000 2395.61
284000 2411.3
285000 2494.55
286000 2433.66
287000 2436.24
288000 2431.31
289000 2501.57
290000 2434.77
291000 2462.58
292000 2387.4
293000 2429.47
294000 2386.77
295000 2400.67
296000 2455.56
297000 2339.52
298000 2384.92
299000 2428.91
300000 2348.23
301000 2400.84
302000 2421.83
303000 2275.52
304000 2367.99
305000 2376.99
306000 2369.66
307000 2397.21
308000 2365.94
309000 2310.79
310000 2441.25
311000 2339.88
312000 2384.91
313000 2352.56
314000 2385.23
315000 2309.63
316000 2343.26
317000 2393.11
318000 2378.14
319000 2310.05
320000 2302.88
321000 2323.75
322000 2286.49
323000 2373.6
324000 2383.48
325000 2287.68
326000 2328.97
327000 2383.51
328000 2301.92
329000 2378.52
330000 2421.28
331000 2339.61
332000 2273.65
333000 2333.64
334000 2340.78
335000 2311.91
336000 2342.25
337000 2323.37
338000 2374.77
339000 2381.81
340000 2395.54
341000 2487.8
342000 2310.56
343000 2371.29
344000 2300.15
345000 2340.99
346000 2378.74
347000 2369.37
348000 2301.35
349000 2293.76
350000 2355.15
351000 2366.95
352000 2345.16
353000 2295.12
354000 2338.72
355000 2277.06
356000 2359.24
357000 2270.07
358000 2372.09
359000 2401.27
360000 2339.12
361000 2337.53
362000 2423.76
363000 2269.4
364000 2327.17
365000 2223.35
366000 2311.69
367000 2281.33
368000 2316.4
369000 2380.26
370000 2327.78
371000 2330.13
372000 2278.42
373000 2351.24
374000 2301.59
375000 2287.84
376000 2276.2
377000 2259.92
378000 2349.54
379000 2350.69
380000 2229.55
381000 2235.32
382000 2321.63
383000 2350.79
384000 2377.86
385000 2298.49
386000 2381.6
387000 2383.05
388000 2303.88
389000 2232.51
390000 2359.06
391000 2257.26
392000 2328.5
393000 2349.27
394000 2244.33
395000 2266.44
396000 2261.75
397000 2208.42
398000 2276.79
399000 2308.83
400000 2289.76
401000 2343.07
402000 2346.01
403000 2261.72
404000 2262.21
405000 2241.8
406000 2242.29
407000 2244.63
408000 2265.12
409000 2311.08
410000 2306.77
411000 2269.3
412000 2301.14
413000 2302.48
414000 2262.11
415000 2310.14
416000 2286.06
417000 2280.61
418000 2335.73
419000 2290.1
420000 2371.26
421000 2262.13
422000 2315.69
423000 2242.9
424000 2222.41
425000 2289.71
426000 2266.67
427000 2231.24
428000 2270.64
429000 2249.95
430000 2213
431000 2318.92
432000 2219.02
433000 2234.71
434000 2353.47
435000 2222.59
436000 2308.29
437000 2174.85
438000 2222.46
439000 2277.95
440000 2327.9
441000 2294
442000 2296.26
443000 2243.86
444000 2280.44
445000 2251.47
446000 2272.39
447000 2282.41
448000 2208.45
449000 2167.41
450000 2301.62
451000 2215.18
452000 2257.86
453000 2355.24
454000 2334.3
455000 2270.75
456000 2251.8
457000 2246.88
458000 2206.44
459000 2204.4
460000 2259.34
461000 2199.1
462000 2239.74
463000 2209.27
464000 2215.5
465000 2175.38
466000 2222.03
467000 2131.37
468000 2241.71
469000 2184.28
470000 2241.83
471000 2184.77
472000 2167.35
473000 2202.37
474000 2255.34
475000 2173.35
476000 2182.28
477000 2224.47
478000 2176.98
479000 2198.61
480000 2221.24
481000 2203.07
482000 2259.14
483000 2262.45
484000 2209.55
485000 2279.28
486000 2172.57
487000 2190.61
488000 2203.88
489000 2246.69
490000 2212.1
491000 2211.78
492000 2229.33
493000 2212.44
494000 2189.37
495000 2154.57
496000 2262.7
497000 2184.91
498000 2155.88
499000 2246.58
500000 2230.58
501000 2198.52
502000 2221.85
503000 2243.11
504000 2227.23
505000 2252.23
506000 2246.95
507000 2221.04
508000 2226.43
509000 2258.87
510000 2165.19
511000 2191.73
512000 2263.4
513000 2207.33
514000 2254.45
515000 2225.64
516000 2180.14
517000 2273.44
518000 2192.58
519000 2124.35
520000 2193
521000 2147.09
522000 2191.15
523000 2091.58
524000 2222.58
525000 2172.95
526000 2197.78
527000 2093.59
528000 2233.46
529000 2233.87
530000 2125.38
531000 2180.85
532000 2243.9
533000 2231.92
534000 2179.78
535000 2270.21
536000 2171.21
537000 2247.35
538000 2219.95
539000 2197.34
540000 2232.68
541000 2168.08
542000 2150.65
543000 2094.5
544000 2157.8
545000 2187.39
546000 2188.05
547000 2209.87
548000 2219.86
549000 2213.98
550000 2207.63
551000 2182.31
552000 2234.98
553000 2178.02
554000 2125.8
555000 2235.02
556000 2181.85
557000 2176.51
558000 2239.16
559000 2199.07
560000 2218.01
561000 2258.32
562000 2147.9
563000 2129.42
564000 2200.46
565000 2104.11
566000 2168.54
567000 2159.04
568000 2119.04
569000 2169.14
570000 2112.36
571000 2074.55
572000 2139.23
573000 2135.9
574000 2143.38
575000 2119.95
576000 2190.68
577000 2187.98
578000 2091.27
579000 2204.8
580000 2140.27
581000 2135.18
582000 2176.21
583000 2086.53
584000 2212.86
585000 2146.89
586000 2186.94
587000 2174.36
588000 2130.44
589000 2073.22
590000 2099.89
591000 2121.09
592000 2189.78
593000 2050.14
594000 2086.87
595000 2037.89
596000 2068.17
597000 2154.99
598000 2133.71
599000 2057.45
600000 2065.76
601000 2035.69
602000 2172
603000 2198.32
604000 2114.94
605000 2107.9
606000 2188.39
607000 2110.51
608000 2238.57
609000 2153.68
610000 2193.82
611000 2110.55
612000 2134.94
613000 2112.63
614000 2124.03
615000 2110.66
616000 2130.02
617000 2151.14
618000 2074.98
619000 2159.69
620000 2115.27
621000 2157.19
622000 2034.33
623000 2157.83
624000 2121.29
625000 2079.27
626000 2120.07
627000 2121.65
628000 2160.46
629000 2124.43
630000 2195.5
631000 2190.74
632000 2086.12
633000 2121.45
634000 2176.99
635000 2163.11
636000 2110.94
637000 2098.26
638000 2155.81
639000 2121.24
640000 2057.5
641000 2121.76
642000 2076.56
643000 2051.25
644000 2133.36
645000 2117.42
646000 2126.95
647000 2147.65
648000 2192.75
649000 2140.47
650000 2156.16
651000 2151.05
652000 2181.14
653000 2100.74
654000 2180.03
655000 2188.12
656000 2113.18
657000 2048.07
658000 2103.53
659000 2200.17
660000 2012.74
661000 2172.6
662000 2197.23
663000 2125.6
664000 2092.92
665000 2147.95
666000 2179.73
667000 2064.14
668000 2006.97
669000 2062.68
670000 2171.84
671000 2105.75
672000 2145.47
673000 2165.95
674000 2236.88
675000 2166.1
676000 2109.59
677000 2160.48
678000 2143.84
679000 2141.83
680000 2106.94
681000 2155.56
682000 2193.17
683000 2126.54
684000 2154.24
685000 2078.12
686000 2196.18
687000 2125.71
688000 2174.12
689000 2149.42
690000 2102.98
691000 2101.14
692000 2199.02
693000 2148.34
694000 2117.56
695000 2161.71
696000 2174.94
697000 2089.93
698000 2127.37
699000 2101.18
700000 2153.17
