# Time-averaged data for fix avg_press
# TimeStep c_thermo_press
201000 36.0431
202000 40.1076
203000 36.6323
204000 41.3235
205000 35.9219
206000 40.4283
207000 37.2862
208000 36.4536
209000 36.3217
210000 41.6237
211000 35.5163
212000 40.6751
213000 39.4046
214000 37.8869
215000 35.2721
216000 40.8242
217000 36.306
218000 40.0393
219000 36.0709
220000 37.4606
221000 38.0348
222000 40.4763
223000 35.8081
224000 40.7655
225000 35.5849
226000 40.4263
227000 35.2881
228000 41.4387
229000 36.904
230000 39.3167
231000 36.4262
232000 41.7557
233000 36.8224
234000 39.353
235000 37.1128
236000 39.7794
237000 36.0106
238000 40.8057
239000 38.5907
240000 41.8352
241000 37.57
242000 39.9851
243000 35.5292
244000 43.017
245000 34.916
246000 41.5321
247000 35.6477
248000 40.7561
249000 36.1944
250000 39.5165
251000 35.2291
252000 36.5092
253000 37.4271
254000 40.4632
255000 36.1539
256000 40.6418
257000 36.0375
258000 40.491
259000 34.4563
260000 39.3733
261000 39.2717
262000 37.8133
263000 35.647
264000 40.1598
265000 36.3227
266000 40.7057
267000 37.7559
268000 40.2185
269000 35.3941
270000 40.6528
271000 35.4783
272000 40.0796
273000 33.1186
274000 39.4115
275000 35.9992
276000 40.9311
277000 37.2702
278000 41.316
279000 36.0313
280000 39.8208
281000 36.8265
282000 38.9469
283000 37.2989
284000 39.3326
285000 35.8512
286000 40.5215
287000 36.0128
288000 41.9916
289000 36.9399
290000 42.0165
291000 36.3063
292000 42.2232
293000 35.7969
294000 40.8147
295000 36.8205
296000 39.3262
297000 36.3866
298000 37.9479
299000 35.9061
300000 41.189
301000 38.4053
302000 34.2371
303000 36.7038
304000 38.7867
305000 35.1132
306000 40.3251
307000 36.5306
308000 40.7813
309000 38.0664
310000 39.9095
311000 35.3898
312000 36.9047
313000 37.6694
314000 39.1113
315000 37.0231
316000 37.8738
317000 36.3509
318000 38.7697
319000 37.5477
320000 41.8322
321000 34.9595
322000 41.2564
323000 35.1584
324000 40.0786
325000 37.0268
326000 38.5022
327000 38.1201
328000 36.6985
329000 38.4544
330000 40.1449
331000 34.6282
332000 39.2813
333000 34.5109
334000 40.715
335000 36.6113
336000 38.8984
337000 36.1741
338000 40.0447
339000 34.8064
340000 37.1097
341000 36.7022
342000 39.0903
343000 35.3114
344000 41.3601
345000 36.1866
346000 39.5967
347000 38.066
348000 40.5854
349000 35.1388
350000 42.5581
351000 35.3837
352000 40.6802
353000 34.1987
354000 41.367
355000 34.8588
356000 40.648
357000 36.0348
358000 41.2207
359000 34.9322
360000 39.6211
361000 35.479
362000 40.3418
363000 36.4209
364000 41.9034
365000 39.2237
366000 40.356
367000 35.1014
368000 41.4725
369000 37.1336
370000 40.2203
371000 36.4062
372000 40.9401
373000 34.7005
374000 40.1944
375000 35.0279
376000 40.612
377000 36.1313
378000 38.2536
379000 35.7331
380000 41.0054
381000 36.2343
382000 40.0833
383000 35.4452
384000 41.6625
385000 35.8209
386000 41.3082
387000 37.6132
388000 40.2655
389000 36.4708
390000 41.9274
391000 37.5169
392000 37.6226
393000 35.2973
394000 39.7664
395000 36.4222
396000 39.79
397000 35.2059
398000 39.4455
399000 33.6437
400000 40.939
401000 37.2948
402000 38.3675
403000 36.4459
404000 40.7935
405000 37.5307
406000 38.4726
407000 34.342
408000 38.5756
409000 36.9339
410000 41.7279
411000 36.0577
412000 40.0491
413000 34.6833
414000 40.7018
415000 35.9937
416000 41.0022
417000 36.4402
418000 41.1386
419000 34.7635
420000 40.5567
421000 36.3203
422000 42.941
423000 34.7106
424000 41.4108
425000 36.6337
426000 41.0471
427000 37.1641
428000 39.9546
429000 38.1546
430000 38.9716
431000 35.5279
432000 39.4823
433000 37.21
434000 40.4777
435000 35.6462
436000 39.7448
437000 34.4553
438000 41.3587
439000 36.9366
440000 36.5286
441000 36.0382
442000 40.8583
443000 35.625
444000 41.3888
445000 34.5063
446000 40.2867
447000 38.468
448000 38.7324
449000 36.2114
450000 40.3236
451000 36.9144
452000 41.8854
453000 37.6632
454000 41.2092
455000 36.6559
456000 39.9276
457000 37.9276
458000 38.3438
459000 36.2761
460000 40.3591
461000 36.277
462000 39.5786
463000 36.7049
464000 40.0745
465000 36.7498
466000 40.9652
467000 35.988
468000 41.0757
469000 35.2991
470000 39.3903
471000 37.5181
472000 39.946
473000 36.048
474000 41.035
475000 36.7203
476000 40.8439
477000 37.0315
478000 40.4503
479000 35.1238
480000 40.4971
481000 36.0076
482000 41.1835
483000 35.3524
484000 40.9575
485000 37.0119
486000 39.3498
487000 36.1091
488000 40.3008
489000 35.8115
490000 40.1758
491000 37.2942
492000 40.4003
493000 35.9904
494000 40.4674
495000 37.2738
496000 40.5013
497000 40.2409
498000 38.6474
499000 35.7354
500000 41.6567
501000 37.5145
502000 39.8538
503000 40.0258
504000 36.1482
505000 36.0415
506000 40.2057
507000 36.1633
508000 40.17
509000 35.7073
510000 41.3261
511000 36.0261
512000 41.5776
513000 35.6029
514000 40.6192
515000 36.0305
516000 40.1206
517000 34.0334
518000 37.7176
519000 35.9438
520000 41.6961
521000 35.6112
522000 40.6301
523000 35.2248
524000 40.6649
525000 35.8159
526000 40.3211
527000 36.1663
528000 40.6182
529000 36.5068
530000 37.9368
531000 36.3265
532000 41.2882
533000 37.21
534000 41.5903
535000 35.0464
536000 40.9633
537000 37.0348
538000 39.0642
539000 36.2112
540000 38.1697
541000 38.1174
542000 40.1505
543000 35.1001
544000 40.7789
545000 35.7476
546000 41.1383
547000 37.0114
548000 40.1426
549000 36.0739
550000 39.3773
551000 36.3327
552000 38.8415
553000 35.4985
554000 40.8753
555000 35.5611
556000 39.5398
557000 36.3436
558000 41.3571
559000 35.7987
560000 41.3532
561000 36.3074
562000 39.4412
563000 34.2983
564000 40.9626
565000 37.3545
566000 40.8967
567000 34.7391
568000 40.7485
569000 36.8844
570000 39.777
571000 35.3737
572000 39.3882
573000 35.5924
574000 41.129
575000 36.2323
576000 39.5294
577000 35.92
578000 39.1464
579000 35.6543
580000 41.7389
581000 37.331
582000 39.372
583000 34.7655
584000 41.3603
585000 36.7574
586000 39.8831
587000 37.5331
588000 39.3047
589000 35.1846
590000 41.7835
591000 37.1989
592000 36.5841
593000 34.5399
594000 40.1179
595000 36.1608
596000 40.6328
597000 37.1242
598000 39.6287
599000 34.9915
600000 39.816
601000 36.7743
602000 38.4024
603000 36.3357
604000 40.239
605000 37.9914
606000 41.1292
607000 37.0294
608000 40.2575
609000 37.2378
610000 39.4279
611000 35.0481
612000 40.6378
613000 34.8239
614000 38.7194
615000 35.997
616000 40.9522
617000 35.0204
618000 40.0196
619000 34.9363
620000 40.6709
621000 35.6282
622000 40.7257
623000 37.3359
624000 38.8169
625000 35.2385
626000 41.0342
627000 34.3926
628000 39.7769
629000 35.5185
630000 40.2384
631000 35.6972
632000 40.0215
633000 36.0236
634000 40.7197
635000 35.321
636000 40.4394
637000 37.5251
638000 36.8509
639000 38.0074
640000 38.7724
641000 36.5676
642000 40.3095
643000 37.2772
644000 39.9834
645000 35.4989
646000 42.5785
647000 35.6113
648000 40.2494
649000 37.823
650000 38.7557
651000 33.6519
652000 39.058
653000 35.5614
654000 40.0378
655000 36.9718
656000 40.6545
657000 36.4138
658000 39.176
659000 36.4768
660000 41.0991
661000 33.7046
662000 41.0637
663000 37.1536
664000 39.3272
665000 35.9341
666000 39.3929
667000 35.6438
668000 40.7757
669000 37.5574
670000 39.6179
671000 35.5596
672000 40.2778
673000 33.49
674000 39.1205
675000 36.196
676000 37.9461
677000 37.919
678000 39.5661
679000 35.9159
680000 39.8982
681000 37.388
682000 39.974
683000 36.5497
684000 39.9485
685000 34.8073
686000 41.5672
687000 34.4577
688000 40.3666
689000 36.9153
690000 41.2303
691000 36.4902
692000 40.1679
693000 34.1207
694000 40.5937
695000 37.1128
696000 40.0247
697000 36.158
698000 40.5333
699000 36.3012
700000 39.5861
