# Time-averaged data for fix avg_press
# TimeStep c_thermo_press
201000 213.174
202000 240.767
203000 233.743
204000 228.672
205000 239.965
206000 249.552
207000 232.75
208000 239.225
209000 231.541
210000 225.728
211000 241.213
212000 233.771
213000 229.163
214000 237.836
215000 249.251
216000 251.51
217000 243.871
218000 246.835
219000 238.771
220000 231.352
221000 230.638
222000 230.02
223000 240.651
224000 239.792
225000 234.106
226000 251.386
227000 240.82
228000 254.402
229000 252.239
230000 245.846
231000 249.732
232000 235.911
233000 241.077
234000 257.919
235000 232.072
236000 244.654
237000 262.608
238000 239.331
239000 247.299
240000 249.412
241000 236.682
242000 253.702
243000 235.868
244000 238.289
245000 229.504
246000 248.655
247000 261.741
248000 250.717
249000 235.784
250000 245.358
251000 250.251
252000 253.45
253000 245.225
254000 245.048
255000 248.215
256000 234.929
257000 230.793
258000 218.304
259000 235.029
260000 247.418
261000 246.823
262000 240.316
263000 231.233
264000 242.279
265000 233.05
266000 232
267000 262.268
268000 251.233
269000 217.173
270000 226.625
271000 247.151
272000 273.672
273000 241.763
274000 245.901
275000 243.807
276000 247.899
277000 234.765
278000 236.674
279000 239.858
280000 248.3
281000 228.87
282000 216.273
283000 205.862
284000 207.135
285000 217.227
286000 230.35
287000 229.337
288000 217.773
289000 237.614
290000 236.452
291000 242.458
292000 245.641
293000 236.964
294000 249.588
295000 227.928
296000 245.203
297000 225.302
298000 224.548
299000 225.551
300000 216.698
301000 218.525
302000 227.879
303000 218.15
304000 220.958
305000 220.466
306000 214.041
307000 180.151
308000 189.87
309000 164.112
310000 178.177
311000 238.067
312000 243.477
313000 255.659
314000 248.791
315000 247.068
316000 243.664
317000 243.812
318000 242.968
319000 247.828
320000 241.133
321000 258.591
322000 254.262
323000 248.706
324000 256.902
325000 256.603
326000 248.872
327000 244.739
328000 251.274
329000 237.042
330000 239.128
331000 233.191
332000 251.868
333000 252.093
334000 247.514
335000 240.904
336000 232.704
337000 229.815
338000 249.313
339000 229.994
340000 237.994
341000 229.086
342000 228.025
343000 228.537
344000 215.649
345000 200.974
346000 193.826
347000 171.483
348000 161.392
349000 151.03
350000 158.32
351000 246.456
352000 270.928
353000 251.067
354000 248.897
355000 245.548
356000 246.719
357000 230.891
358000 244.602
359000 241.873
360000 235.802
361000 254.604
362000 237.49
363000 247.74
364000 244.393
365000 259.076
366000 241.976
367000 243.251
368000 256.716
369000 246.165
370000 230.786
371000 252.128
372000 274.611
373000 257.552
374000 253.24
375000 251.923
376000 244.482
377000 235.424
378000 252.901
379000 255.463
380000 257.224
381000 247.73
382000 229.984
383000 238.45
384000 244.621
385000 250.808
386000 258.326
387000 235.462
388000 249.35
389000 237.336
390000 253.171
391000 242.275
392000 259.967
393000 266.175
394000 258.465
395000 245.235
396000 258.461
397000 237.841
398000 224.967
399000 247.661
400000 252.405
401000 236.002
402000 228.089
403000 264.821
404000 243.375
405000 229.892
406000 233.571
407000 245.517
408000 247.193
409000 240.154
410000 241.198
411000 228.194
412000 226.494
413000 270.046
414000 272.939
415000 245.478
416000 233.255
417000 226.065
418000 229.314
419000 265.157
420000 254.977
421000 252.509
422000 244.673
423000 247.185
424000 244.163
425000 245.423
426000 232.745
427000 236.045
428000 233.106
429000 257.433
430000 248.617
431000 251.225
432000 252.284
433000 240.754
434000 236.101
435000 229.496
436000 229.405
437000 240.513
438000 234.595
439000 259.952
440000 259.933
441000 254.049
442000 261.51
443000 260.079
444000 251.207
445000 240.12
446000 258.795
447000 231.683
448000 227.406
449000 237.488
450000 247.671
451000 226.676
452000 229.827
453000 239.736
454000 247.504
455000 241.574
456000 257.828
457000 242.858
458000 243.043
459000 218.776
460000 232.623
461000 237.088
462000 245.326
463000 250.762
464000 251.691
465000 239.265
466000 226.817
467000 213.099
468000 239.789
469000 244.676
470000 242.299
471000 256.409
472000 270.121
473000 256.665
474000 254.702
475000 246.989
476000 244.767
477000 244.754
478000 229.276
479000 242.197
480000 250.225
481000 242.167
482000 230.621
483000 236.029
484000 221.42
485000 231.375
486000 219.748
487000 250.768
488000 224.406
489000 231.118
490000 238.837
491000 241.756
492000 225.871
493000 238.188
494000 221.201
495000 226.888
496000 239.937
497000 233.63
498000 230.633
499000 226.703
500000 225.882
501000 238.705
502000 243.677
503000 244.042
504000 245.744
505000 243.228
506000 240.79
507000 235.288
508000 242.043
509000 233.928
510000 222.227
511000 252.669
512000 254.323
513000 251.667
514000 251.117
515000 251.388
516000 246.424
517000 268.702
518000 268.386
519000 255.365
520000 250.258
521000 246.031
522000 232.542
523000 241.501
524000 237.847
525000 235.005
526000 225.103
527000 253.609
528000 255.026
529000 234.539
530000 247.58
531000 244.575
532000 244.652
533000 240.222
534000 252.453
535000 246.056
536000 242.334
537000 227.431
538000 222.545
539000 225.169
540000 244.166
541000 246.585
542000 256.659
543000 262.265
544000 269.932
545000 257.754
546000 243.475
547000 246.617
548000 248.977
549000 243.901
550000 236.639
551000 241.377
552000 225.731
553000 245.268
554000 249.265
555000 246.63
556000 248.644
557000 242.578
558000 228.531
559000 212.211
560000 218.906
561000 255.59
562000 237.497
563000 244.043
564000 259.181
565000 240.857
566000 252.888
567000 248.524
568000 248.056
569000 241.042
570000 246.94
571000 257.667
572000 246.957
573000 226.935
574000 228.064
575000 240.164
576000 244.299
577000 253.422
578000 243.164
579000 233.877
580000 237.158
581000 240.146
582000 241.223
583000 243.263
584000 246.435
585000 233.401
586000 247.913
587000 239.862
588000 247.795
589000 240.292
590000 240.736
591000 256.107
592000 258.648
593000 246.826
594000 266.834
595000 265.413
596000 245.932
597000 248.36
598000 262.772
599000 266.25
600000 274.346
601000 266.174
602000 248.022
603000 246.029
604000 253.056
605000 228.738
606000 258.672
607000 251.022
608000 246.404
609000 250.25
610000 261.307
611000 246.037
612000 256.972
613000 250.452
614000 239.11
615000 230.447
616000 228.472
617000 236.536
618000 248.785
619000 266.601
620000 242.11
621000 235.346
622000 244.504
623000 249.534
624000 248.532
625000 249.402
626000 266.802
627000 250.503
628000 255.699
629000 230.67
630000 246.393
631000 236.301
632000 238.119
633000 245.769
634000 241.448
635000 247.681
636000 261.389
637000 236.487
638000 245.328
639000 237.499
640000 241.035
641000 234.879
642000 242.012
643000 241.505
644000 248.594
645000 232.953
646000 241.858
647000 230.87
648000 230.706
649000 239.462
650000 250.857
651000 260.616
652000 247.759
653000 237.294
654000 257.882
655000 245.645
656000 248.11
657000 237.106
658000 241.157
659000 227.461
660000 240.774
661000 243.191
662000 244.446
663000 245.839
664000 243.242
665000 244.988
666000 229.475
667000 236.108
668000 249.709
669000 256.786
670000 257.054
671000 256.786
672000 248.226
673000 257.694
674000 249.081
675000 237.358
676000 245.443
677000 239.096
678000 225.178
679000 238.394
680000 247.564
681000 250.178
682000 241.795
683000 236.832
684000 232.422
685000 236.787
686000 218.413
687000 243.346
688000 238.726
689000 250.469
690000 264.724
691000 266.107
692000 250.538
693000 249.884
694000 272.018
695000 242.058
696000 240.292
697000 238.748
698000 258.484
699000 245.532
700000 254.367
