# Time-averaged data for fix avg_press
# TimeStep c_thermo_press
201000 2170.36
202000 2542.62
203000 2642.71
204000 2566.53
205000 2568.68
206000 2646.69
207000 2592.38
208000 2588.88
209000 2650.23
210000 2631.45
211000 2548.61
212000 2537
213000 2532.62
214000 2557.46
215000 2433.89
216000 2485.8
217000 2591.02
218000 2533.69
219000 2510.46
220000 2551.68
221000 2488.39
222000 2583.83
223000 2554.55
224000 2533.16
225000 2560.02
226000 2411.18
227000 2504.2
228000 2554.84
229000 2453.94
230000 2441.88
231000 2495.49
232000 2407.73
233000 2489.27
234000 2482.99
235000 2457.65
236000 2375.97
237000 2450.08
238000 2549.04
239000 2461.87
240000 2551.31
241000 2523.16
242000 2519.39
243000 2531.67
244000 2503.77
245000 2483.21
246000 2494.4
247000 2438.39
248000 2512.94
249000 2464.49
250000 2506.41
251000 2506.18
252000 2450.3
253000 2499.48
254000 2497.74
255000 2492.62
256000 2527.46
257000 2489.67
258000 2562.53
259000 2516.51
260000 2471.29
261000 2497.09
262000 2468.39
263000 2482.73
264000 2536.5
265000 2508.69
266000 2521.82
267000 2510.5
268000 2501.89
269000 2459.6
270000 2480.33
271000 2556.33
272000 2472.78
273000 2451.03
274000 2516.11
275000 2515.65
276000 2442.51
277000 2495.24
278000 2473.44
279000 2509.01
280000 2490.07
281000 2541.19
282000 2467.41
283000 2483.58
284000 2473.35
285000 2458.3
286000 2468.76
287000 2450.02
288000 2495.39
289000 2371.35
290000 2514.96
291000 2512.51
292000 2496.24
293000 2495.51
294000 2468.99
295000 2444.81
296000 2498.15
297000 2471.67
298000 2477.66
299000 2445.64
300000 2506.05
301000 2505.78
302000 2561.04
303000 2481.02
304000 2478.86
305000 2580.92
306000 2428.1
307000 2372.3
308000 2399.78
309000 2509.87
310000 2453.35
311000 2429.62
312000 2434.66
313000 2402.87
314000 2403
315000 2461.01
316000 2471.35
317000 2406.25
318000 2485.1
319000 2414.5
320000 2460.84
321000 2339.9
322000 2430.6
323000 2478.69
324000 2469.53
325000 2474.27
326000 2461.3
327000 2412.08
328000 2367.33
329000 2404.72
330000 2397.71
331000 2406.79
332000 2362.06
333000 2384.38
334000 2396.5
335000 2396.04
336000 2287.74
337000 2336.14
338000 2374.02
339000 2405.19
340000 2418.89
341000 2354.33
342000 2416.25
343000 2384.93
344000 2458.32
345000 2359.1
346000 2409.16
347000 2386.91
348000 2380.8
349000 2340.47
350000 2400.61
351000 2400.24
352000 2354.67
353000 2351.5
354000 2292.27
355000 2369.73
356000 2406.77
357000 2430.99
358000 2422.13
359000 2427.72
360000 2332.33
361000 2407.14
362000 2307.96
363000 2381.18
364000 2333.46
365000 2372.79
366000 2389.16
367000 2339.91
368000 2301.44
369000 2299.2
370000 2278.15
371000 2345.73
372000 2348.44
373000 2421.34
374000 2345.63
375000 2281.55
376000 2314.99
377000 2283.88
378000 2340.43
379000 2325.62
380000 2241.78
381000 2380.45
382000 2286
383000 2354.45
384000 2236.03
385000 2308.17
386000 2333.56
387000 2312.9
388000 2338.02
389000 2379.19
390000 2183.66
391000 2356.46
392000 2279.28
393000 2244.8
394000 2235.46
395000 2317.5
396000 2326.04
397000 2273.91
398000 2323.11
399000 2275.48
400000 2315.34
401000 2308.93
402000 2387.71
403000 2242.86
404000 2248.9
405000 2312.41
406000 2273.28
407000 2235.47
408000 2299.08
409000 2268.75
410000 2291.95
411000 2194.41
412000 2229.34
413000 2229.71
414000 2262.6
415000 2256.11
416000 2251.89
417000 2316.58
418000 2250.08
419000 2287.85
420000 2331.34
421000 2302.37
422000 2350.91
423000 2230.85
424000 2233.07
425000 2290.58
426000 2292.81
427000 2324.3
428000 2235.03
429000 2253.98
430000 2292.01
431000 2275.41
432000 2298.22
433000 2190.13
434000 2169.33
435000 2248.32
436000 2170.37
437000 2217.23
438000 2212.85
439000 2245.69
440000 2231.64
441000 2242.3
442000 2209.6
443000 2269.12
444000 2316.69
445000 2243.7
446000 2209.59
447000 2195.78
448000 2164.82
449000 2255.67
450000 2260.94
451000 2274.75
452000 2333.67
453000 2170.28
454000 2258.45
455000 2199.09
456000 2295.81
457000 2171.31
458000 2262.52
459000 2292.83
460000 2295.28
461000 2245.33
462000 2172.93
463000 2235.4
464000 2263.6
465000 2254.76
466000 2229.22
467000 2262.74
468000 2149.72
469000 2237.11
470000 2233.7
471000 2317.24
472000 2243.35
473000 2292.04
474000 2229.83
475000 2342.64
476000 2207.27
477000 2366.56
478000 2294.35
479000 2308.02
480000 2293.05
481000 2211.03
482000 2347.12
483000 2297.47
484000 2272.89
485000 2231.54
486000 2201.17
487000 2294.45
488000 2265.47
489000 2231.21
490000 2273.91
491000 2210.68
492000 2247.18
493000 2230.93
494000 2187
495000 2273.39
496000 2275.33
497000 2251.15
498000 2243.52
499000 2272.74
500000 2233.3
501000 2222.69
502000 2252.1
503000 2290.4
504000 2277.94
505000 2316.45
506000 2210.64
507000 2295.07
508000 2185.74
509000 2293.96
510000 2202.18
511000 2283.08
512000 2282.99
513000 2238.43
514000 2242.62
515000 2219.14
516000 2273.3
517000 2259.64
518000 2216.62
519000 2296.12
520000 2192.8
521000 2132.17
522000 2255.22
523000 2243.66
524000 2248.9
525000 2274.93
526000 2242.09
527000 2219.03
528000 2300.36
529000 2260.49
530000 2239.58
531000 2312.54
532000 2171.78
533000 2280.94
534000 2169.91
535000 2192.89
536000 2160.9
537000 2313.6
538000 2229.35
539000 2227.84
540000 2244.59
541000 2202.14
542000 2239.82
543000 2207.26
544000 2210.25
545000 2222.37
546000 2254.44
547000 2210.6
548000 2184.81
549000 2259.69
550000 2279.51
551000 2269.3
552000 2227.12
553000 2238.95
554000 2198.81
555000 2258.25
556000 2279.93
557000 2212.77
558000 2274.56
559000 2275.75
560000 2221.88
561000 2211.08
562000 2213.15
563000 2229.06
564000 2183.9
565000 2256.54
566000 2222.77
567000 2252.16
568000 2254.41
569000 2228.31
570000 2212.2
571000 2248.7
572000 2219.37
573000 2241.82
574000 2254.05
575000 2278.79
576000 2227.55
577000 2169.74
578000 2241.17
579000 2167.05
580000 2265.68
581000 2174.02
582000 2209.16
583000 2148.68
584000 2179.17
585000 2191.58
586000 2242.71
587000 2130.84
588000 2225.86
589000 2213.52
590000 2258.08
591000 2175.93
592000 2254.22
593000 2226.55
594000 2276.08
595000 2188.57
596000 2199.74
597000 2106.57
598000 2116.65
599000 2233.04
600000 2216.85
601000 2263.86
602000 2260.43
603000 2271.69
604000 2274.09
605000 2250.64
606000 2261.94
607000 2173.07
608000 2213.15
609000 2238.56
610000 2144.18
611000 2277.83
612000 2213.35
613000 2132.15
614000 2221.33
615000 2245.63
616000 2179.25
617000 2181.56
618000 2223.61
619000 2266.6
620000 2221.94
621000 2229.43
622000 2234.83
623000 2214.06
624000 2289.6
625000 2233.81
626000 2252.41
627000 2165.61
628000 2222.44
629000 2202.87
630000 2184.18
631000 2328.74
632000 2241.33
633000 2152.02
634000 2276.21
635000 2158.77
636000 2203.28
637000 2155.48
638000 2200.85
639000 2188.59
640000 2216.83
641000 2232.85
642000 2227.92
643000 2197.84
644000 2179.8
645000 2144.32
646000 2146.54
647000 2249.35
648000 2190.23
649000 2266.02
650000 2213.95
651000 2129.39
652000 2217.89
653000 2198.92
654000 2190.14
655000 2149.8
656000 2264.62
657000 2288.42
658000 2150.07
659000 2242.95
660000 2247
661000 2220.17
662000 2175.03
663000 2197.69
664000 2173.86
665000 2165.78
666000 2173.59
667000 2160.64
668000 2169.29
669000 2176.2
670000 2203.97
671000 2189.51
672000 2191.77
673000 2170.84
674000 2176.23
675000 2181.66
676000 2208.06
677000 2092.88
678000 2129.73
679000 2140.41
680000 2172.27
681000 2178.04
682000 2146.23
683000 2296.08
684000 2199.61
685000 2196.01
686000 2193.17
687000 2236.6
688000 2255.22
689000 2155.69
690000 2125.65
691000 2202.81
692000 2200.5
693000 2240.63
694000 2187.69
695000 2163.71
696000 2198.86
697000 2296.26
698000 2182.68
699000 2230.73
700000 2150.02
