# Time-averaged data for fix msd_out
# TimeStep c_msd_c[4]
12000000 1.50195
12005000 1.62264
12010000 1.65555
12015000 1.47816
12020000 1.75589
12025000 1.99034
12030000 1.39755
12035000 1.54431
12040000 1.85786
12045000 1.34616
12050000 1.80274
12055000 2.01806
12060000 1.59386
12065000 2.23658
12070000 1.57976
12075000 1.87374
12080000 1.67261
12085000 1.87198
12090000 1.98372
12095000 1.60832
12100000 1.58455
12105000 1.79819
12110000 1.51056
12115000 1.50573
12120000 1.97035
12125000 1.69309
12130000 1.58416
12135000 1.99656
12140000 1.59819
12145000 1.81465
12150000 1.59318
12155000 1.72653
12160000 1.80897
12165000 1.87111
12170000 1.48183
12175000 1.50441
12180000 1.70418
12185000 1.72336
12190000 1.66165
12195000 1.63813
12200000 1.8603
12205000 1.76077
12210000 1.92246
12215000 1.577
12220000 1.67454
12225000 1.83361
12230000 1.64461
12235000 1.79737
12240000 1.68565
12245000 1.80552
12250000 1.47128
12255000 1.8592
12260000 1.79504
12265000 1.53386
12270000 1.80653
12275000 1.60938
12280000 1.71064
12285000 1.76988
12290000 1.91174
12295000 1.7551
12300000 1.62509
12305000 1.66393
12310000 1.95828
12315000 1.493
12320000 1.69559
12325000 1.61571
12330000 2.03388
12335000 1.83284
12340000 2.02061
12345000 1.56708
12350000 1.90808
12355000 2.06462
12360000 1.74233
12365000 1.92701
12370000 1.81529
12375000 1.72466
12380000 2.3071
12385000 2.41502
12390000 1.59873
12395000 1.86209
12400000 2.16589
12405000 1.72091
12410000 1.84419
12415000 1.74582
12420000 1.73023
12425000 1.99878
12430000 2.01979
12435000 1.6249
12440000 1.71092
12445000 1.76748
12450000 1.34335
12455000 1.80344
12460000 1.82753
12465000 1.47056
12470000 1.85834
12475000 1.63398
12480000 1.68772
12485000 1.44303
12490000 1.55637
12495000 1.56757
12500000 1.93545
12505000 1.55074
12510000 1.87181
12515000 1.61857
12520000 1.48588
12525000 1.8214
12530000 1.81602
12535000 1.53845
12540000 1.61793
12545000 1.48175
12550000 1.65655
12555000 1.68887
12560000 1.71481
12565000 1.58172
12570000 1.19982
12575000 1.47138
12580000 1.77161
12585000 1.69537
12590000 1.70556
12595000 1.46809
12600000 1.85177
12605000 1.49848
12610000 1.66009
12615000 1.59045
12620000 1.91433
12625000 1.51604
12630000 1.4221
12635000 1.55185
12640000 1.40944
12645000 2.15055
12650000 1.30174
12655000 1.90238
12660000 1.56544
12665000 1.64524
12670000 1.90766
12675000 1.88189
12680000 1.95606
12685000 1.51063
12690000 1.57182
12695000 1.49395
12700000 1.61921
12705000 2.04287
12710000 1.62799
12715000 1.43014
12720000 1.7665
12725000 1.84641
12730000 1.60895
12735000 1.65867
12740000 2.37596
12745000 2.42962
12750000 2.42646
12755000 2.36685
12760000 1.79972
12765000 1.75793
12770000 1.94146
12775000 2.18079
12780000 1.61436
12785000 1.87226
12790000 2.07716
12795000 1.74347
12800000 2.21486
12805000 1.64453
12810000 2.10873
12815000 1.83519
12820000 1.93707
12825000 1.57036
12830000 2.00431
12835000 1.84553
12840000 2.3174
12845000 2.11759
12850000 1.8686
12855000 2.06655
12860000 1.84741
12865000 1.86004
12870000 2.20466
12875000 1.80905
12880000 1.8873
12885000 2.14887
12890000 1.58702
12895000 2.23237
12900000 1.81942
12905000 1.57599
12910000 1.73338
12915000 1.51505
12920000 1.96856
12925000 2.03351
12930000 2.10114
12935000 2.025
12940000 1.87511
12945000 1.9078
12950000 2.25011
12955000 1.57034
12960000 1.68332
12965000 1.59367
12970000 1.88163
12975000 1.39211
12980000 1.69016
12985000 1.56972
12990000 1.95904
12995000 1.98719
13000000 1.90431
13005000 1.81444
13010000 1.95922
13015000 2.34768
13020000 2.04262
13025000 2.06615
13030000 1.5419
13035000 2.34414
13040000 1.47973
13045000 1.90236
13050000 1.86134
13055000 1.88941
13060000 2.23939
13065000 2.10206
13070000 1.73599
13075000 2.16309
13080000 1.86369
13085000 2.2269
13090000 1.55377
13095000 1.83561
13100000 2.11716
13105000 1.88235
13110000 2.06595
13115000 1.78303
13120000 1.58543
13125000 2.13015
13130000 1.96258
13135000 1.8423
13140000 2.14602
13145000 1.49665
13150000 2.11131
13155000 1.8464
13160000 2.40776
13165000 1.70767
13170000 1.79123
13175000 1.77445
13180000 2.01046
13185000 2.01753
13190000 2.54687
13195000 1.75547
13200000 2.07335
13205000 2.24025
13210000 1.90695
13215000 1.79795
13220000 1.68195
13225000 2.00662
13230000 2.06531
13235000 2.12459
13240000 1.557
13245000 2.42013
13250000 1.67501
13255000 1.74837
13260000 1.96665
13265000 1.58597
13270000 1.85175
13275000 2.0891
13280000 2.1098
13285000 1.63292
13290000 2.04095
13295000 2.06164
13300000 2.3526
13305000 1.80128
13310000 1.48462
13315000 1.72905
13320000 2.04063
13325000 2.08575
13330000 2.16424
13335000 1.77561
13340000 1.6429
13345000 2.13786
13350000 1.41445
13355000 2.25124
13360000 1.74897
13365000 1.96802
13370000 1.9614
13375000 1.90263
13380000 1.68965
13385000 2.27768
13390000 1.73408
13395000 1.6591
13400000 1.69587
13405000 1.8112
13410000 1.62415
13415000 1.55044
13420000 2.14823
13425000 1.58646
13430000 1.5921
13435000 1.77808
13440000 1.58756
13445000 1.62669
13450000 1.7989
13455000 1.96026
13460000 1.93318
13465000 2.21345
13470000 1.91932
13475000 1.79316
13480000 2.22932
13485000 2.0528
13490000 1.95586
13495000 2.05948
13500000 1.92335
13505000 1.43614
13510000 1.93653
13515000 1.97449
13520000 1.83008
13525000 1.52296
13530000 1.68597
13535000 1.83685
13540000 1.74447
13545000 1.82876
13550000 1.75571
13555000 1.62094
13560000 1.93863
13565000 1.97949
13570000 2.27774
13575000 1.60951
13580000 2.33514
13585000 1.55108
13590000 2.0193
13595000 2.04945
13600000 1.82385
13605000 1.83796
13610000 1.75604
13615000 1.95579
13620000 2.06166
13625000 1.81473
13630000 1.76566
13635000 1.61068
13640000 1.79871
13645000 1.71261
13650000 1.65366
13655000 1.75201
13660000 1.61165
13665000 1.61484
13670000 1.55542
13675000 1.58764
13680000 1.6584
13685000 1.75147
13690000 1.67782
13695000 1.88068
13700000 1.71032
13705000 1.76013
13710000 2.00664
13715000 1.49813
13720000 1.80851
13725000 1.88193
13730000 1.66812
13735000 1.86426
13740000 2.0713
13745000 1.63123
13750000 1.72101
13755000 1.47999
13760000 1.95785
13765000 1.70576
13770000 1.66239
13775000 1.73253
13780000 1.58377
13785000 2.02123
13790000 1.4076
13795000 1.81917
13800000 1.58792
13805000 1.48071
13810000 1.71178
13815000 1.65903
13820000 1.57574
13825000 1.76728
13830000 1.56841
13835000 1.86463
13840000 1.79085
13845000 1.79344
13850000 1.58543
13855000 1.74387
13860000 1.39139
13865000 1.67172
13870000 1.42268
13875000 1.57354
13880000 1.67009
13885000 1.90138
13890000 1.53026
13895000 2.09976
13900000 1.78553
13905000 1.87315
13910000 1.71781
13915000 1.72318
13920000 1.78392
13925000 1.72906
13930000 1.62073
13935000 2.06412
13940000 1.59739
13945000 1.59096
13950000 1.65315
13955000 1.75258
13960000 1.6285
13965000 1.69017
13970000 1.99323
13975000 1.51305
13980000 1.9571
13985000 1.56568
13990000 2.18084
13995000 1.77698
14000000 1.54038
14005000 1.68337
14010000 1.71492
14015000 1.85151
14020000 1.90679
14025000 2.0274
14030000 2.01443
14035000 1.81187
14040000 2.10192
14045000 2.14448
14050000 2.06356
14055000 1.92029
14060000 1.51465
14065000 1.71038
14070000 1.7203
14075000 1.84945
14080000 1.80006
14085000 1.74604
14090000 1.91148
14095000 1.99884
14100000 1.89107
14105000 2.19666
14110000 1.70426
14115000 1.74214
14120000 1.85772
14125000 2.00697
14130000 1.67239
14135000 1.99217
14140000 1.85136
14145000 1.79006
14150000 1.82557
14155000 1.84663
14160000 1.76468
14165000 1.74842
14170000 2.02301
14175000 1.68154
14180000 1.97772
14185000 1.56484
14190000 1.9008
14195000 1.91601
14200000 2.10034
14205000 1.85608
14210000 1.98324
14215000 1.62899
14220000 1.88536
14225000 1.76615
14230000 1.68343
14235000 1.75002
14240000 2.14785
14245000 1.96599
14250000 1.89803
14255000 1.83796
14260000 1.86764
14265000 1.82336
14270000 2.11102
14275000 1.89884
14280000 2.06792
14285000 1.79137
14290000 1.83262
14295000 1.77843
14300000 2.21167
14305000 1.72702
14310000 1.84357
14315000 2.08807
14320000 2.11047
14325000 1.71889
14330000 1.93819
14335000 1.62244
14340000 2.41333
14345000 2.07199
14350000 1.64296
14355000 2.13577
14360000 1.77323
14365000 1.79403
14370000 1.78573
14375000 2.13524
14380000 2.00014
14385000 1.95865
14390000 1.91803
14395000 2.31416
14400000 1.77759
14405000 1.93406
14410000 1.94891
14415000 1.91365
14420000 1.97373
14425000 2.55263
14430000 1.93793
14435000 2.00816
14440000 2.0416
14445000 2.03974
14450000 1.81693
14455000 2.07303
14460000 1.92195
14465000 1.70356
14470000 2.02405
14475000 1.93867
14480000 2.07862
14485000 1.85213
14490000 1.80655
14495000 1.77096
14500000 1.71789
14505000 1.71962
14510000 1.76419
14515000 1.79879
14520000 2.03882
14525000 2.3817
14530000 1.9488
14535000 1.81526
14540000 2.39035
14545000 1.80357
14550000 1.87385
14555000 1.98705
14560000 1.6422
14565000 2.01924
14570000 1.68793
14575000 2.08511
14580000 1.98605
14585000 1.54456
14590000 1.89666
14595000 2.52867
14600000 1.85338
14605000 2.08984
14610000 2.02899
14615000 2.07193
14620000 1.65919
14625000 2.42568
14630000 1.88076
14635000 1.89555
14640000 1.48199
14645000 1.63701
14650000 2.12717
14655000 1.66663
14660000 1.64366
14665000 2.18634
14670000 1.38408
14675000 2.13027
14680000 1.58622
14685000 1.73896
14690000 2.10192
14695000 2.03408
14700000 2.12327
14705000 2.11433
14710000 1.90045
14715000 1.89294
14720000 1.65906
14725000 1.94373
14730000 2.34796
14735000 1.75432
14740000 1.82957
14745000 2.12368
14750000 1.66656
14755000 1.93928
14760000 1.82428
14765000 2.55439
14770000 1.90518
14775000 1.60984
14780000 1.91455
14785000 1.73639
14790000 1.51055
14795000 1.54939
14800000 1.44915
14805000 2.06782
14810000 1.44471
14815000 1.82546
14820000 1.61225
14825000 1.49803
14830000 1.64147
14835000 1.60605
14840000 2.04474
14845000 1.61002
14850000 1.47395
14855000 1.63939
14860000 1.8458
14865000 1.89359
14870000 1.82662
14875000 1.51392
14880000 2.10075
14885000 1.93584
14890000 1.94594
14895000 2.0983
14900000 1.62915
14905000 2.29957
14910000 2.2598
14915000 1.82321
14920000 1.98379
14925000 1.85262
14930000 2.0153
14935000 1.76348
14940000 1.7784
14945000 1.89297
14950000 1.73231
14955000 1.86591
14960000 1.63503
14965000 2.1716
14970000 1.92648
14975000 1.70874
14980000 1.67699
14985000 1.77438
14990000 1.87695
14995000 1.91671
15000000 1.64931
15005000 1.96153
15010000 1.40045
15015000 1.92526
15020000 2.21547
15025000 2.10074
15030000 1.86104
15035000 2.30916
15040000 1.93473
15045000 1.8759
15050000 1.77511
15055000 1.61097
15060000 2.00684
15065000 2.49758
15070000 1.6137
15075000 1.79406
15080000 2.10771
15085000 1.5991
15090000 2.19924
15095000 1.96888
15100000 1.84973
15105000 1.86606
15110000 1.93413
15115000 2.22642
15120000 2.52735
15125000 1.62575
15130000 2.01203
15135000 1.87877
15140000 1.76342
15145000 1.85963
15150000 2.12804
15155000 1.50416
15160000 1.90936
15165000 1.85543
15170000 1.88973
15175000 1.9054
15180000 1.59711
15185000 1.86804
15190000 2.03642
15195000 1.93431
15200000 2.22987
15205000 1.69798
15210000 1.7268
15215000 1.70352
15220000 1.94793
15225000 1.98943
15230000 2.16477
15235000 1.94193
15240000 1.75683
15245000 2.15
15250000 2.04045
15255000 1.86453
15260000 1.88019
15265000 2.16791
15270000 1.58215
15275000 2.04422
15280000 1.79506
15285000 2.17865
15290000 2.03528
15295000 2.21589
15300000 2.27819
15305000 2.24036
15310000 1.72853
15315000 1.64107
15320000 2.32034
15325000 1.8664
15330000 2.56222
15335000 1.92173
15340000 2.30288
15345000 1.77895
15350000 2.59334
15355000 1.94575
15360000 2.16253
15365000 2.09134
15370000 1.73386
15375000 1.87844
15380000 1.76068
15385000 2.12653
15390000 1.91716
15395000 1.87267
15400000 1.67163
15405000 1.99727
15410000 1.69697
15415000 1.60322
15420000 1.91118
15425000 1.60988
15430000 1.93402
15435000 2.14257
15440000 2.30151
15445000 1.58292
15450000 1.94943
15455000 2.18031
15460000 1.66322
15465000 2.27313
15470000 1.72808
15475000 1.41025
15480000 1.91291
15485000 1.62727
15490000 2.01822
15495000 1.83302
15500000 1.64817
15505000 1.51353
15510000 1.82245
15515000 1.93792
15520000 1.37554
15525000 1.91115
15530000 1.89124
15535000 1.94831
15540000 2.17216
15545000 2.06055
15550000 1.77332
15555000 1.80972
15560000 1.93777
15565000 1.5891
15570000 2.40565
15575000 1.51051
15580000 1.77926
15585000 1.47757
15590000 2.125
15595000 1.84631
15600000 1.76102
15605000 1.78492
15610000 1.87845
15615000 2.05568
15620000 1.653
15625000 1.66592
15630000 2.09925
15635000 2.02341
15640000 2.0753
15645000 2.00549
15650000 1.84836
15655000 1.72288
15660000 2.05265
15665000 1.8998
15670000 1.93261
15675000 2.1386
15680000 1.68373
15685000 1.45925
15690000 1.50448
15695000 2.03261
15700000 1.8041
15705000 1.69744
15710000 1.81157
15715000 2.33181
15720000 1.68517
15725000 1.92129
15730000 1.67982
15735000 2.13211
15740000 1.56066
15745000 1.99299
15750000 1.9321
15755000 1.7554
15760000 1.85808
15765000 1.99412
15770000 1.65643
15775000 1.81947
15780000 1.82763
15785000 2.12588
15790000 2.01986
15795000 1.68423
15800000 1.83262
15805000 1.92613
15810000 1.88772
15815000 1.7809
15820000 1.88877
15825000 2.25126
15830000 1.84709
15835000 1.626
15840000 1.69562
15845000 1.82681
15850000 1.59943
15855000 1.97909
15860000 2.18899
15865000 1.46874
15870000 1.51379
15875000 1.89396
15880000 1.68195
15885000 2.10167
15890000 2.11785
15895000 2.02226
15900000 1.71195
15905000 1.91354
15910000 1.62438
15915000 1.84373
15920000 1.37262
15925000 1.71081
15930000 1.85115
15935000 1.77276
15940000 1.95297
15945000 2.06792
15950000 2.0426
15955000 1.49068
15960000 1.69799
15965000 2.09339
15970000 1.61018
15975000 1.65339
15980000 2.16238
15985000 1.55915
15990000 1.52542
15995000 1.53106
16000000 1.75156
16005000 1.92987
16010000 2.04774
16015000 1.64048
16020000 1.84765
16025000 1.58787
16030000 1.79169
16035000 1.78863
16040000 1.66053
16045000 1.67066
16050000 1.67467
16055000 1.58765
16060000 1.51427
16065000 1.59273
16070000 1.61075
16075000 1.74131
16080000 1.76449
16085000 1.60693
16090000 1.49451
16095000 1.53562
16100000 1.6619
16105000 1.47247
16110000 1.6544
16115000 1.64021
16120000 1.70399
16125000 1.6264
16130000 2.07803
16135000 1.70776
16140000 2.10321
16145000 1.79548
16150000 2.37365
16155000 1.86156
16160000 2.1975
16165000 1.83295
16170000 1.78423
16175000 1.86139
16180000 1.6231
16185000 1.87548
16190000 1.94039
16195000 1.99559
16200000 2.00637
16205000 1.80436
16210000 1.63062
16215000 1.66389
16220000 1.92294
16225000 1.57215
16230000 1.58761
16235000 1.57406
16240000 1.64128
16245000 2.10835
16250000 1.86277
16255000 1.78527
16260000 1.55191
16265000 1.91911
16270000 2.06601
16275000 1.71672
16280000 1.92589
16285000 1.75124
16290000 2.06158
16295000 1.63255
16300000 1.65542
16305000 1.59674
16310000 1.69319
16315000 1.57842
16320000 1.59213
16325000 2.01104
16330000 1.86107
16335000 1.81937
16340000 1.90585
16345000 2.07072
16350000 1.86343
16355000 1.66401
16360000 1.52501
16365000 1.83795
16370000 2.43122
16375000 1.77411
16380000 2.05964
16385000 2.1319
16390000 1.52458
16395000 2.12561
16400000 2.04541
16405000 1.85779
16410000 1.96417
16415000 1.99695
16420000 1.62007
16425000 1.84932
16430000 1.96393
16435000 1.97122
16440000 1.86608
16445000 2.25883
16450000 2.23244
16455000 2.25111
16460000 2.23398
16465000 1.89602
16470000 1.69293
16475000 2.16519
16480000 1.92278
16485000 1.89466
16490000 2.17
16495000 2.01204
16500000 1.88059
16505000 1.7487
16510000 1.62786
16515000 1.78185
16520000 1.97206
16525000 1.85274
16530000 2.0312
16535000 2.2429
16540000 1.60609
16545000 2.33753
16550000 1.84415
16555000 2.41918
16560000 1.88614
16565000 1.66386
16570000 1.9572
16575000 1.68992
16580000 2.18151
16585000 1.80425
16590000 1.96588
16595000 1.81087
16600000 2.13598
16605000 1.97445
16610000 1.6549
16615000 1.90812
16620000 1.79804
16625000 1.69151
16630000 1.91417
16635000 1.79454
16640000 1.65021
16645000 2.10634
16650000 2.21476
16655000 1.91981
16660000 2.25426
16665000 1.68474
16670000 1.85679
16675000 1.96168
16680000 1.67508
16685000 1.86096
16690000 2.15554
16695000 1.77037
16700000 2.51937
16705000 1.71385
16710000 1.88642
16715000 1.85461
16720000 1.80392
16725000 1.75103
16730000 1.86472
16735000 1.65649
16740000 1.93855
16745000 1.88211
16750000 1.85823
16755000 1.74638
16760000 1.93983
16765000 1.8387
16770000 1.72835
16775000 1.74403
16780000 1.97094
16785000 1.77708
16790000 1.85337
16795000 1.70349
16800000 2.11685
16805000 2.26877
16810000 1.68775
16815000 2.18143
16820000 2.27571
16825000 1.84969
16830000 1.7585
16835000 2.07803
16840000 1.77924
16845000 1.76755
16850000 1.89908
16855000 1.60458
16860000 1.64727
16865000 1.53522
16870000 1.71961
16875000 1.61943
16880000 1.79096
16885000 1.92478
16890000 1.93191
16895000 1.84629
16900000 2.01218
16905000 2.23321
16910000 2.27698
16915000 2.16982
16920000 1.83879
16925000 2.14809
16930000 1.89791
16935000 1.84843
16940000 1.73867
16945000 2.2341
16950000 2.02585
16955000 1.91501
16960000 1.87895
16965000 1.77086
16970000 2.09211
16975000 1.88206
16980000 2.10426
16985000 1.82875
16990000 1.62574
16995000 2.25477
17000000 1.87402
17005000 1.50106
17010000 2.08541
17015000 1.99654
17020000 2.72623
17025000 1.95741
17030000 1.7066
17035000 1.71402
17040000 1.98408
17045000 1.75689
17050000 2.31709
17055000 1.87671
17060000 1.96401
17065000 1.71747
17070000 2.02676
17075000 1.81857
17080000 1.54497
17085000 1.51231
17090000 1.60743
17095000 1.5469
17100000 1.81112
17105000 1.72864
17110000 1.79781
17115000 1.49799
17120000 2.0433
17125000 1.89449
17130000 1.90597
17135000 1.9877
17140000 1.94407
17145000 1.7164
17150000 2.09957
17155000 1.68424
17160000 2.14497
17165000 2.06543
17170000 1.72148
17175000 2.21359
17180000 1.69944
17185000 2.0097
17190000 1.86474
17195000 2.047
17200000 1.7035
17205000 1.9239
17210000 2.00763
17215000 2.66321
17220000 1.62641
17225000 1.81508
17230000 1.48935
17235000 2.02236
17240000 2.11956
17245000 2.01121
17250000 1.76458
17255000 1.61778
17260000 1.6048
17265000 1.73197
17270000 1.67783
17275000 1.5503
17280000 1.55435
17285000 1.83665
17290000 1.99043
17295000 1.86394
17300000 2.17589
17305000 1.68192
17310000 1.85139
17315000 1.71242
17320000 2.01964
17325000 2.14314
17330000 2.24242
17335000 2.1714
17340000 2.20169
17345000 2.308
17350000 1.84574
17355000 1.75229
17360000 2.05101
17365000 2.32223
17370000 1.73498
17375000 1.54453
17380000 1.9312
17385000 1.62403
17390000 1.65611
17395000 1.63215
17400000 2.57917
17405000 1.8536
17410000 2.16606
17415000 1.60631
17420000 1.90389
17425000 1.93123
17430000 1.77159
17435000 1.79082
17440000 2.30111
17445000 2.00422
17450000 1.5377
17455000 1.72102
17460000 1.62017
17465000 1.84263
17470000 1.67768
17475000 1.66627
17480000 1.72094
17485000 2.04271
17490000 1.99799
17495000 1.58819
17500000 1.73971
17505000 1.54336
17510000 1.73169
17515000 1.8065
17520000 1.49321
17525000 1.83313
17530000 1.68122
17535000 2.19233
17540000 2.21452
17545000 1.73406
17550000 1.93246
17555000 1.75267
17560000 2.00242
17565000 1.63071
17570000 1.60081
17575000 1.75404
17580000 1.48143
17585000 1.74047
17590000 1.76597
17595000 2.2253
17600000 1.93142
17605000 2.19062
17610000 1.6908
17615000 1.78227
17620000 1.49448
17625000 1.43047
17630000 2.08037
17635000 1.63761
17640000 1.71953
17645000 1.61532
17650000 1.81058
17655000 1.82236
17660000 1.68833
17665000 2.00232
17670000 1.77008
17675000 1.642
17680000 2.10206
17685000 2.07902
17690000 2.01672
17695000 1.64206
17700000 1.9737
17705000 1.65146
17710000 1.66106
17715000 2.37164
17720000 1.70839
17725000 1.60026
17730000 1.78157
17735000 1.99675
17740000 1.72624
17745000 1.64802
17750000 2.0622
17755000 2.00094
17760000 1.8177
17765000 2.75675
17770000 1.88045
17775000 1.4129
17780000 1.62286
17785000 1.60276
17790000 1.58159
17795000 1.25182
17800000 1.3961
17805000 1.62929
17810000 1.25041
17815000 1.6056
17820000 1.436
17825000 1.36067
17830000 1.55627
17835000 1.59025
17840000 1.68711
17845000 1.60793
17850000 1.38633
17855000 1.61848
17860000 1.88791
17865000 1.53265
17870000 1.43693
17875000 1.77382
17880000 1.5923
17885000 1.68999
17890000 1.56277
17895000 1.74427
17900000 1.91968
17905000 1.62018
17910000 1.69148
17915000 1.6246
17920000 1.41295
17925000 1.40919
17930000 1.6392
17935000 1.5934
17940000 1.47384
17945000 1.85802
17950000 1.52526
17955000 1.56608
17960000 1.75369
17965000 1.34249
17970000 1.5605
17975000 1.52091
17980000 2.19759
17985000 1.49354
17990000 1.88152
17995000 1.64203
18000000 1.64751
18005000 1.78552
18010000 1.27412
18015000 1.51551
18020000 1.72571
18025000 1.54363
18030000 1.71748
18035000 1.69163
18040000 1.52003
18045000 2.08019
18050000 1.59347
18055000 1.66862
18060000 1.48434
18065000 1.74129
18070000 1.8381
18075000 2.20927
18080000 1.59374
18085000 1.99559
18090000 1.81693
18095000 2.43309
18100000 1.59514
18105000 1.81513
18110000 2.15474
18115000 1.46736
18120000 1.69022
18125000 1.99709
18130000 1.66384
18135000 1.87481
18140000 1.94175
18145000 1.55103
18150000 2.19289
18155000 1.86023
18160000 1.81047
18165000 1.82562
18170000 2.17123
18175000 1.59941
18180000 1.67289
18185000 1.89897
18190000 1.72326
18195000 1.62201
18200000 1.72328
18205000 1.85092
18210000 1.87753
18215000 1.53038
18220000 1.39553
18225000 1.4079
18230000 1.56381
18235000 1.70251
18240000 1.49348
18245000 1.25861
18250000 2.12967
18255000 1.77168
18260000 1.61596
18265000 1.7665
18270000 1.6838
18275000 1.81429
18280000 1.84767
18285000 1.76479
18290000 2.09471
18295000 1.96703
18300000 1.81847
18305000 1.46405
18310000 1.54397
18315000 2.03023
18320000 1.33434
18325000 1.7503
18330000 1.61354
18335000 1.90401
18340000 1.59575
18345000 1.84056
18350000 1.87685
18355000 1.88876
18360000 2.11784
18365000 1.91079
18370000 1.70754
18375000 1.64647
18380000 1.64326
18385000 1.82195
18390000 1.7544
18395000 1.7352
18400000 1.74778
18405000 1.5288
18410000 1.48796
18415000 1.67809
18420000 1.71568
18425000 1.91288
18430000 1.63723
18435000 1.44482
18440000 1.97927
18445000 1.5563
18450000 1.44804
18455000 1.89711
18460000 1.73831
18465000 1.61702
18470000 2.06262
18475000 1.66933
18480000 1.46881
18485000 1.68027
18490000 1.58133
18495000 1.23732
18500000 1.54737
18505000 1.58941
18510000 1.56175
18515000 1.43965
18520000 1.47015
18525000 1.55505
18530000 2.10847
18535000 1.5013
18540000 1.62241
18545000 1.71255
18550000 1.73239
18555000 1.78827
18560000 1.65411
18565000 1.69269
18570000 1.90015
18575000 1.88565
18580000 1.83458
18585000 1.75434
18590000 1.64755
18595000 2.00869
18600000 1.64933
18605000 1.72986
18610000 1.83577
18615000 1.76495
18620000 1.75152
18625000 1.86336
18630000 1.67665
18635000 1.97907
18640000 2.05172
18645000 2.11503
18650000 1.50436
18655000 2.02908
18660000 1.94038
18665000 1.70489
18670000 1.94565
18675000 1.94013
18680000 1.84597
18685000 2.11694
18690000 1.93017
18695000 1.84635
18700000 1.6677
18705000 1.64792
18710000 1.75633
18715000 1.84547
18720000 1.49531
18725000 1.70394
18730000 1.78264
18735000 1.89847
18740000 1.95197
18745000 2.4687
18750000 1.65974
18755000 2.35012
18760000 1.64557
18765000 1.63001
18770000 1.7633
18775000 1.72169
18780000 2.04409
18785000 1.60366
18790000 1.92687
18795000 1.57917
18800000 1.85017
18805000 1.90578
18810000 1.81329
18815000 2.03587
18820000 1.80502
18825000 1.63086
18830000 1.43742
18835000 1.59015
18840000 1.98562
18845000 1.74175
18850000 1.60852
18855000 1.77658
18860000 1.74223
18865000 1.83168
18870000 1.62322
18875000 1.37349
18880000 1.62665
18885000 1.61984
18890000 1.53748
18895000 1.40682
18900000 1.74314
18905000 1.88964
18910000 1.72581
18915000 2.15253
18920000 1.56653
18925000 1.62191
18930000 1.56725
18935000 2.06716
18940000 1.61513
18945000 1.63269
18950000 2.05644
18955000 1.74908
18960000 1.5773
18965000 1.70619
18970000 1.73054
18975000 1.45018
18980000 2.08327
18985000 1.5277
18990000 1.69161
18995000 1.77229
19000000 1.71305
19005000 1.72651
19010000 1.51865
19015000 1.35304
19020000 1.8262
19025000 1.60929
19030000 1.60558
19035000 1.5181
19040000 1.35554
19045000 1.34881
19050000 1.76229
19055000 1.81933
19060000 1.61803
19065000 1.88362
19070000 1.66495
19075000 1.86375
19080000 1.98134
19085000 1.74851
19090000 1.7061
19095000 1.33436
19100000 2.34091
19105000 1.51973
19110000 1.61317
19115000 1.72429
19120000 1.7252
19125000 1.64981
19130000 1.95669
19135000 1.97856
19140000 1.96645
19145000 2.06246
19150000 1.64699
19155000 2.11832
19160000 1.64345
19165000 2.03262
19170000 1.67894
19175000 2.06571
19180000 1.85755
19185000 1.8198
19190000 1.82018
19195000 2.28159
19200000 2.36565
19205000 2.08138
19210000 1.95353
19215000 1.78603
19220000 1.7963
19225000 1.64664
19230000 1.44677
19235000 1.65473
19240000 1.77987
19245000 1.71935
19250000 1.4409
19255000 1.7107
19260000 1.54126
19265000 1.52446
19270000 1.6824
19275000 2.06595
19280000 1.6647
19285000 1.62314
19290000 1.46891
19295000 1.65573
19300000 1.53209
19305000 1.54189
19310000 1.96122
19315000 1.46299
19320000 1.63892
19325000 1.61619
19330000 1.50482
19335000 1.67628
19340000 1.61522
19345000 1.73905
19350000 1.60798
19355000 1.92176
19360000 1.77177
19365000 1.4175
19370000 1.99627
19375000 1.8975
19380000 1.52351
19385000 1.75334
19390000 1.65702
19395000 1.64993
19400000 1.69041
19405000 1.78821
19410000 1.55469
19415000 1.76447
19420000 1.74733
19425000 1.67713
19430000 1.68388
19435000 1.7769
19440000 2.21105
19445000 1.86822
19450000 1.93023
19455000 1.54885
19460000 1.72281
19465000 1.6496
19470000 1.90334
19475000 1.78922
19480000 2.14252
19485000 1.74121
19490000 1.81336
19495000 1.78267
19500000 1.91033
19505000 1.74216
19510000 1.41974
19515000 1.80926
19520000 1.73014
19525000 1.71463
19530000 1.76715
19535000 2.21636
19540000 1.78866
19545000 2.0325
19550000 1.75094
19555000 1.62199
19560000 2.04502
19565000 1.85293
19570000 1.39876
19575000 1.73228
19580000 1.24101
19585000 1.81347
19590000 1.43442
19595000 1.65858
19600000 1.55363
19605000 1.8181
19610000 2.07396
19615000 1.96491
19620000 1.7138
19625000 1.34938
19630000 1.75327
19635000 1.56765
19640000 1.57652
19645000 1.93177
19650000 1.82702
19655000 1.67377
19660000 1.82476
19665000 1.56368
19670000 2.06601
19675000 1.94927
19680000 1.90978
19685000 1.42656
19690000 1.88067
19695000 1.68629
19700000 1.59852
19705000 1.71724
19710000 1.7265
19715000 2.17818
19720000 1.5073
19725000 2.03026
19730000 1.59783
19735000 1.72646
19740000 1.75523
19745000 1.63896
19750000 1.98433
19755000 1.75617
19760000 1.54167
19765000 1.89829
19770000 2.12838
19775000 1.41423
19780000 1.92973
19785000 1.61679
19790000 1.77927
19795000 1.54944
19800000 1.47263
19805000 1.63742
19810000 1.54264
19815000 1.66391
19820000 1.46955
19825000 1.41701
19830000 1.59611
19835000 1.68852
19840000 1.48074
19845000 1.48142
19850000 1.62643
19855000 1.38685
19860000 1.95698
19865000 1.83496
19870000 1.89015
19875000 2.05937
19880000 1.7245
19885000 1.91594
19890000 1.92194
19895000 1.39656
19900000 2.14263
19905000 1.76998
19910000 1.62826
19915000 1.73067
19920000 1.86916
19925000 1.82355
19930000 1.96723
19935000 1.74197
19940000 1.55931
19945000 1.54519
19950000 1.85144
19955000 1.8945
19960000 1.19652
19965000 2.11267
19970000 1.34893
19975000 1.53738
19980000 1.61074
19985000 1.57853
19990000 1.65795
19995000 1.61924
20000000 1.55619
