# Time-averaged data for fix data_output
# TimeStep c_thermo_temp c_thermo_press v_density
0 489.647 812.529 1.12768
1000 488.192 1547.68 1.13769
2000 505.685 680.812 1.15139
3000 496.707 -84.1947 1.13103
4000 502.921 89.7489 1.13082
5000 493.202 2452.86 1.13821
6000 498.759 892.562 1.13237
7000 498.782 -985.602 1.14113
8000 504.347 -464.155 1.14247
9000 502.592 409.346 1.13795
10000 495.034 1310.63 1.14078
11000 496.055 -263.628 1.13901
12000 499.253 1602.71 1.14518
13000 498.44 196.165 1.14559
14000 500.213 -1152.38 1.13692
15000 500.28 -1844.79 1.14869
16000 504.858 1857.27 1.15044
17000 504.863 -2272.55 1.13294
18000 495.131 -467.098 1.14479
19000 490.3 1622.5 1.14869
20000 502.099 3216.85 1.15187
21000 503.982 -2272.55 1.14938
22000 489.266 -678.948 1.12986
23000 491.696 890.709 1.14351
24000 496.977 -1421.92 1.13758
25000 505.199 1684.74 1.14057
26000 499.351 -142.463 1.13598
27000 496.508 250.57 1.1564
28000 490.705 -1841.7 1.15756
29000 491.201 50.9618 1.14164
30000 491.316 -493.475 1.13876
31000 501.273 -729.472 1.14767
32000 500.59 -970.594 1.15005
33000 505.1 157.068 1.15217
34000 487.069 434.797 1.13978
35000 493.212 -2160.42 1.13446
36000 482.478 -752.178 1.1504
37000 505.795 -2314.97 1.15821
38000 492.327 1433.88 1.13357
39000 485.061 261.005 1.12079
40000 477.662 -355.188 1.13989
41000 483.089 1528.36 1.14642
42000 490.763 -1052.48 1.14913
43000 481.907 860.88 1.14597
44000 490.408 1017.34 1.14649
45000 505.401 817.106 1.15169
46000 498.867 731.879 1.14545
47000 483.515 1772.83 1.13274
48000 480.182 1312.9 1.14238
49000 489.327 2777.72 1.13471
50000 477.028 922.982 1.13236
51000 485.989 -640.13 1.13734
52000 501.117 -903.127 1.13915
53000 509.728 2059.07 1.13962
54000 495.329 2544.69 1.13204
55000 498.876 -462.336 1.14046
56000 490.001 -294.641 1.15096
57000 483.109 -819.434 1.1372
58000 492.216 -762.478 1.12302
59000 490.965 -355.096 1.12777
60000 480.535 -1793.71 1.14892
61000 471.239 1127.25 1.13804
62000 479.762 611.261 1.14383
63000 487.346 2389.35 1.16557
64000 484.21 -270.321 1.15292
65000 497.811 -1102.05 1.16048
66000 498.227 -1005.74 1.15394
67000 490.376 1019.89 1.14556
68000 484.154 836.217 1.15179
69000 491.089 -137.338 1.14464
70000 487.697 -812.929 1.147
71000 478.261 -1207.07 1.14886
72000 485.311 -2572.7 1.13887
73000 480.273 -731.957 1.16352
74000 478.729 772.297 1.14955
75000 488.554 -1420.31 1.13552
76000 483.285 -1239.65 1.13097
77000 486.595 1347.29 1.14926
78000 487.907 347.984 1.15228
79000 492.166 -1281.55 1.15188
80000 497.062 -402.044 1.14552
81000 479.045 2279 1.13303
82000 487.979 3967.53 1.13798
83000 475.844 -931.314 1.13856
84000 491.167 -574.646 1.14627
85000 494.146 -456.434 1.13989
86000 486.025 2708.1 1.14221
87000 482.745 -475.744 1.15117
88000 489.3 -2661.42 1.1366
89000 482.935 -330.211 1.14172
90000 496.275 -1503.46 1.12506
91000 494.799 680.677 1.13713
92000 489.411 2979.16 1.13311
93000 473.495 974.935 1.13576
94000 476.009 849.724 1.1451
95000 494.204 -447.7 1.1349
96000 484.634 -1414.9 1.13059
97000 472.052 -750.882 1.13536
98000 482.415 416.354 1.1214
99000 493.291 -2075.59 1.13142
100000 476.998 3113.72 1.14332
101000 471.363 506.887 1.1482
102000 488.994 1324.35 1.1434
103000 476.652 1238.77 1.14313
104000 474.08 694.593 1.15323
105000 470.632 -2111.16 1.15482
106000 477.192 -2514.93 1.14531
107000 476.93 -762.66 1.1258
108000 475.408 1271.55 1.14321
109000 476.507 483.095 1.14903
110000 485.381 -2916.49 1.13132
111000 465.093 346.449 1.1527
112000 472.702 -1024.33 1.14316
113000 473.118 508.313 1.13633
114000 476.261 1022.52 1.14607
115000 477.664 391.504 1.14771
116000 500.235 -2276.4 1.13893
117000 472.729 -783.477 1.13712
118000 477.669 -2425.86 1.14525
119000 487.751 159.3 1.14374
120000 474.718 607.132 1.14458
121000 463.569 975.215 1.12872
122000 473.357 -112.824 1.13459
123000 476.214 -537.576 1.14683
124000 480.298 193.283 1.14918
125000 456.805 -1359.57 1.10953
126000 474.554 -1726.19 1.11624
127000 481.108 -2579.95 1.1395
128000 469.01 -400.471 1.13464
129000 472.298 3319.69 1.13662
130000 472.026 -1688.17 1.13784
131000 472.175 221.241 1.13996
132000 467.719 -371.347 1.14227
133000 473.746 -1170.75 1.13843
134000 473.108 1005.48 1.12895
135000 475.315 988.413 1.14537
136000 464.569 -512.667 1.14658
137000 473.119 2422.51 1.14365
138000 480.287 3118.16 1.15095
139000 473.019 -1483.9 1.14839
140000 477.894 -1134.11 1.14207
141000 470.459 -2855.95 1.15111
142000 463.021 871.094 1.13209
143000 473.568 977.241 1.14013
144000 473.849 -2096.92 1.13987
145000 463.872 955.78 1.14144
146000 465.061 391.319 1.15068
147000 470.253 -1436.24 1.13453
148000 476.71 -775.916 1.15354
149000 477.039 -25.5361 1.14547
150000 474.355 795.85 1.13631
151000 472.135 -1275.42 1.14219
152000 463.81 166.434 1.13786
153000 463.865 2082.92 1.1464
154000 475.894 1179.66 1.13887
155000 471.831 1722.5 1.14809
156000 465.629 -2809.52 1.12904
157000 466.884 1468.83 1.13732
158000 465.656 -328.344 1.13997
159000 466.115 397.767 1.13311
160000 461.621 -2315.15 1.1258
161000 474.415 3078.97 1.12908
162000 482.643 -530.259 1.15027
163000 459.852 -391.374 1.14666
164000 463.8 2163.64 1.12999
165000 469.4 1305.04 1.15036
166000 477.573 -2221.42 1.14599
167000 467.135 -185.264 1.14908
168000 473.456 -628.863 1.15416
169000 472.819 -856.87 1.14023
170000 475.568 304.213 1.14084
171000 460.855 573.377 1.14225
172000 473.034 -3647.46 1.15378
173000 464.338 972.958 1.15865
174000 469.199 292.445 1.14103
175000 471.112 436.474 1.16364
176000 458.88 -920.473 1.15597
177000 480.709 98.666 1.15522
178000 479.57 1473.2 1.16459
179000 474.168 720.005 1.14442
180000 470.083 1345.1 1.15521
181000 474.912 427.431 1.15773
182000 466.671 -836.86 1.16026
183000 460.009 785.328 1.16587
184000 474.662 -1889 1.15459
185000 466.548 72.1789 1.15377
186000 469.292 -609.297 1.15641
187000 470.585 -501.178 1.1441
188000 448.971 2089.09 1.15616
189000 464.225 -2562.88 1.14613
190000 470.708 -637.427 1.14537
191000 465.233 1926.64 1.14696
192000 464.389 -1734.79 1.14672
193000 475.297 2282.21 1.14716
194000 468.326 188.707 1.13914
195000 463.679 -360.558 1.15304
196000 467.004 176.335 1.14984
197000 464.344 158.605 1.14854
198000 462.381 -543.555 1.15474
199000 457.201 1374.79 1.14214
200000 461.998 1751.72 1.13296
201000 459.432 1680.2 1.15375
202000 461.888 665.447 1.1477
203000 466.433 2366 1.15255
204000 472.226 3277.91 1.15679
205000 462.493 -2223.63 1.13142
206000 455.873 -1767.36 1.14909
207000 464.129 781.921 1.15263
208000 464.602 900.088 1.14327
209000 460.74 -1568.71 1.13492
210000 453.741 1279.5 1.15434
211000 457.998 604.857 1.15393
212000 457.136 -2225.81 1.13846
213000 461.376 -1692.11 1.15681
214000 455.52 615.096 1.13785
215000 457.494 -448.415 1.13096
216000 456.078 -796.809 1.1447
217000 458.056 970.057 1.14447
218000 455.279 -1044.81 1.1378
219000 457.251 1616.02 1.14471
220000 453.412 -978.9 1.13474
221000 453.892 -2048.13 1.12596
222000 457.632 746.314 1.14578
223000 462.188 5232.58 1.13494
224000 464.564 678.001 1.1285
225000 458.558 1748.98 1.13885
226000 458.221 -1735.31 1.13021
227000 463.034 774.017 1.14105
228000 452.238 -48.0602 1.13808
229000 454.402 -241.877 1.14002
230000 458.654 1912.22 1.15824
231000 457.974 -963.165 1.14167
232000 469.464 954.638 1.12603
233000 460.079 1936.57 1.14682
234000 447.847 286.808 1.13532
235000 447.947 557.61 1.13795
236000 443.66 -1974.77 1.14787
237000 460.004 -232.22 1.14436
238000 461.015 44.9866 1.14516
239000 460.111 1927.79 1.15091
240000 457.519 -1192.82 1.14726
241000 454.557 -171.882 1.14371
242000 459.547 2506.76 1.15207
243000 453.877 -567.282 1.14497
244000 457.133 -2091.67 1.14099
245000 466.777 496.16 1.1572
246000 454.803 -671.899 1.15739
247000 451.125 -1578.56 1.14142
248000 457.913 -1770.74 1.14436
249000 468.021 2544.03 1.1459
250000 444.786 1039.92 1.13763
251000 447.969 458.213 1.14385
252000 454.953 -905.37 1.14738
253000 451.849 -917.62 1.1529
254000 438.309 -378.949 1.13871
255000 452.91 1932.18 1.15285
256000 454.797 -1366.06 1.14814
257000 450.298 1291.12 1.15219
258000 458.403 -3680.11 1.15606
259000 452.101 997.823 1.15524
260000 440.976 -818.017 1.14532
261000 452.998 762.671 1.14964
262000 461.083 -547.285 1.15459
263000 444.118 -2364.15 1.16556
264000 455.3 -468.563 1.15768
265000 467.878 1709.69 1.13907
266000 458.038 -2319.13 1.13608
267000 448.826 -2012.03 1.14992
268000 429.958 2061.59 1.16749
269000 453.563 421.739 1.14625
270000 452.648 1293.23 1.15553
271000 440.053 980.549 1.16131
272000 452.987 -1324.88 1.15663
273000 444.349 -803.466 1.16666
274000 448.633 -744.985 1.14903
275000 450.46 963.71 1.1566
276000 458.752 897.256 1.16342
277000 445.476 1997.39 1.15855
278000 443.188 -504.979 1.14577
279000 444.692 -737.296 1.14686
280000 451.904 984.086 1.15834
281000 434.237 -197.694 1.15063
282000 438.37 -595.519 1.1409
283000 450.439 1525.38 1.15038
284000 448.945 -999.735 1.16206
285000 446.564 575.355 1.1444
286000 442.926 -761.653 1.1363
287000 460.376 3165.43 1.14937
288000 448.597 2585.94 1.14931
289000 449.209 644.457 1.15899
290000 440.842 -1326.51 1.13747
291000 440.345 1527.18 1.15448
292000 444.709 -1692.58 1.17239
293000 438.823 -1906.81 1.16294
294000 440.556 2351.47 1.15499
295000 432.566 -595.259 1.13089
296000 447.804 181.602 1.15397
297000 460.482 629.076 1.15747
298000 441.251 1034.78 1.15201
299000 439.522 1296.03 1.1453
300000 435.28 -1597.73 1.15805
301000 443.658 -1514.31 1.14669
302000 442.46 -1796.52 1.1353
303000 439.505 975.749 1.15363
304000 436.424 -1229.91 1.15014
305000 436.992 -1133.9 1.14046
306000 443.392 61.0142 1.16153
307000 451.395 -1045.2 1.15138
308000 451.521 -1333.12 1.15346
309000 433.106 1749.54 1.1554
310000 439.054 1924.93 1.14952
311000 437.425 134.402 1.14787
312000 437.424 3635.93 1.15079
313000 436.489 1605.43 1.15933
314000 442.5 -3150.75 1.14966
315000 443.125 -574.354 1.15859
316000 451.992 -285.142 1.15688
317000 448.918 -3369.9 1.15231
318000 441.691 431.554 1.15413
319000 445.403 -2205.58 1.16319
320000 444.98 -1596.22 1.14282
321000 437.787 -991.051 1.14884
322000 438.405 681.14 1.15652
323000 435.842 -349.559 1.14744
324000 436.473 -391.731 1.14901
325000 447.356 283.637 1.16256
326000 430.599 555.139 1.14773
327000 433.616 -2046.18 1.14982
328000 444.747 1306.53 1.15864
329000 448.139 227.714 1.16001
330000 447.325 -1236.39 1.14291
331000 433.236 -673.311 1.16065
332000 437.671 -1472.6 1.15858
333000 442.816 84.3819 1.16034
334000 439.503 1152.26 1.15506
335000 438.887 1470.16 1.15249
336000 434.057 -1132.71 1.15306
337000 430.4 -1150.13 1.17764
338000 428.48 357.304 1.16619
339000 444.257 521.932 1.15952
340000 445.135 -436.111 1.15186
341000 450.049 2759.63 1.15982
342000 426.13 2406.53 1.16982
343000 426.187 402.145 1.16166
344000 439.918 -525.226 1.14507
345000 448.785 1382.13 1.14967
346000 432.824 805.824 1.15399
347000 434.27 1258.84 1.16105
348000 432.046 1305.6 1.16086
349000 437.354 -1672.45 1.15439
350000 435.159 1556.58 1.16034
351000 422.634 -2602.79 1.16459
352000 431.359 564.409 1.14282
353000 437.309 621.33 1.15078
354000 434.161 3974.08 1.17679
355000 429.867 102.128 1.16486
356000 428.141 -717.766 1.15041
357000 431.796 4019.78 1.16187
358000 435.363 -746.053 1.16199
359000 424.952 -2041.71 1.16604
360000 427.404 -2000.01 1.16968
361000 433.663 -3059.05 1.16062
362000 437.947 953.46 1.15042
363000 435.037 -486.604 1.16299
364000 425.878 -1605.25 1.14902
365000 423.432 2491.37 1.14479
366000 427.373 -74.8233 1.1648
367000 428.243 2733.32 1.15373
368000 427.53 -2256.71 1.1511
369000 439.118 85.1414 1.15481
370000 434.007 3026.78 1.15168
371000 422.204 -1366.52 1.14783
372000 429.726 224.498 1.15731
373000 431.12 -381.502 1.15557
374000 436.569 -2252.76 1.16995
375000 422.759 -52.8387 1.17187
376000 424.433 -1314.58 1.13769
377000 416.529 2064.6 1.1735
378000 427.996 -976.545 1.16865
379000 442.531 322.194 1.16239
380000 436.701 -1388.4 1.16878
381000 430.432 -123.695 1.1514
382000 427.779 2332.65 1.1602
383000 427.052 1567.17 1.16557
384000 425.836 -1293.54 1.16616
385000 428.104 0.612904 1.17514
386000 442.021 326.663 1.14074
387000 420.959 1871.76 1.16816
388000 420.231 -827.681 1.16032
389000 420.567 308.328 1.1631
390000 431.543 -954.867 1.16984
391000 427.189 -2162.75 1.15031
392000 422.514 -505.915 1.16095
393000 432.743 -1540.44 1.16194
394000 429.368 -704.138 1.14483
395000 422.178 -679.443 1.17433
396000 426.819 2328.55 1.15765
397000 424.732 133.375 1.16083
398000 429.726 -513.459 1.16081
399000 422.386 -1082.99 1.16558
400000 429.036 -1056.22 1.15657
401000 425.741 244.524 1.16338
402000 418.326 1285.95 1.16181
403000 424.992 726.22 1.15921
404000 429.578 1674.19 1.16532
405000 431.862 949.066 1.16023
406000 424.387 -1196.87 1.1643
407000 425.839 200.178 1.17328
408000 414.251 487.156 1.15571
409000 422.151 -2664.3 1.15441
410000 423.353 90.2356 1.16981
411000 416.706 684.4 1.15866
412000 429.772 611.441 1.15264
413000 432.508 111.921 1.16464
414000 421.802 -450.939 1.16347
415000 413.286 -2155.23 1.15822
416000 416.545 -557.833 1.15466
417000 420.101 -1274.59 1.15447
418000 431.268 122.517 1.14553
419000 419.873 -247.474 1.15101
420000 416.197 -1664.7 1.15007
421000 418.423 769.159 1.15613
422000 410.824 1816.79 1.16625
423000 427.156 -708.648 1.14596
424000 430.057 1016.01 1.15036
425000 420.613 1484.13 1.16
426000 423.357 1588.42 1.14687
427000 427.437 -423.148 1.16936
428000 426.623 1736.54 1.16754
429000 418.86 -1369.46 1.14464
430000 423.387 500.67 1.13485
431000 417.562 -773.913 1.17674
432000 423.063 266.064 1.15616
433000 424.297 -1274.58 1.1621
434000 407.804 -1391.44 1.15658
435000 422.289 -625.472 1.15059
436000 418.287 -2059.67 1.15915
437000 421.145 859.119 1.15677
438000 415.802 -482.939 1.15865
439000 419.418 -373.32 1.16627
440000 429.103 -1276.46 1.17851
441000 416.322 1575.4 1.17536
442000 418.03 171.953 1.15285
443000 424.619 -296.198 1.1661
444000 412.103 677.589 1.15414
445000 405.592 -1736.67 1.16071
446000 416.57 1210.63 1.17799
447000 417.507 -1924.24 1.15238
448000 425.835 77.3506 1.16377
449000 426.649 1403.46 1.15972
450000 417.316 -1950.02 1.15437
451000 418.265 438.189 1.15977
452000 413.464 1415.85 1.16403
453000 421.508 -149.833 1.16027
454000 415.513 -987.381 1.16075
455000 417.916 -1019.31 1.16227
456000 423.584 -169.178 1.14707
457000 408.42 810.057 1.15379
458000 412.251 841.49 1.1405
459000 413.553 385.531 1.13422
460000 414.031 305.879 1.15045
461000 420.085 2484.39 1.17336
462000 412.055 -3377.85 1.15196
463000 408.61 766.799 1.16051
464000 412.852 545.442 1.17268
465000 413.726 1290.54 1.16204
466000 419.636 -1603.21 1.15745
467000 405.062 -4135.2 1.1816
468000 409.226 219.196 1.15757
469000 409.382 -1098.98 1.16328
470000 409.747 -638.036 1.17156
471000 407.657 413.374 1.164
472000 413.561 -1615.2 1.15483
473000 415.003 2341.14 1.1708
474000 403.735 1784.43 1.1761
475000 400.331 1673.26 1.15715
476000 407.044 1799.31 1.16556
477000 408.286 26.7545 1.18129
478000 410.174 -726.568 1.15914
479000 414.854 11.6701 1.16728
480000 413.581 -224.883 1.16207
481000 408.889 -465.015 1.15914
482000 408.341 397.961 1.16927
483000 421.733 1716.59 1.17797
484000 420.291 -1270.81 1.17441
485000 403.672 467.015 1.18098
486000 405.806 -3.14843 1.17343
487000 409.807 550.338 1.16449
488000 409.015 2057.87 1.16829
489000 408.661 2283.27 1.17262
490000 411.772 -144.843 1.1743
491000 409.292 -1370.17 1.16791
492000 415.672 502.969 1.16879
493000 409.481 608.867 1.16933
494000 401.975 -858.38 1.16522
495000 406.247 10.137 1.1609
496000 406.86 709.678 1.16694
497000 403.895 -1168.07 1.16697
498000 409.563 -254.052 1.15883
499000 408.648 -315.528 1.15963
500000 402.95 -681.548 1.15097
501000 413.709 425.705 1.15196
502000 408.371 -847.981 1.15164
503000 399.432 1460.77 1.17278
504000 407.605 779.399 1.15438
505000 409.976 2444.49 1.16136
506000 408.208 -254.183 1.15929
507000 398.308 -2729.41 1.15221
508000 404.209 936.967 1.15463
509000 402.241 252.613 1.17127
510000 406.892 2391.07 1.15085
511000 412.607 2392.26 1.1734
512000 420.249 -1726.2 1.15443
513000 403.565 482.222 1.15649
514000 413.506 432.747 1.16904
515000 401.838 -1042.5 1.15741
516000 402.085 -26.3299 1.14671
517000 400.86 91.3874 1.16763
518000 402.826 -1823.72 1.17145
519000 404.169 1330.42 1.15696
520000 407.453 -3033.24 1.1639
521000 403.232 399.345 1.15048
522000 402.942 -1725.28 1.14837
523000 401.284 -927.186 1.16256
524000 413.154 -1748.89 1.16381
525000 404.423 -420.808 1.17574
526000 400.791 -2346.32 1.16024
527000 412.574 2371.58 1.16452
528000 401.982 -396.85 1.16515
529000 401.883 453.188 1.15781
530000 394.692 -627.164 1.16559
531000 398.917 2129.39 1.16426
532000 400.18 -3671.96 1.15736
533000 397.829 -668.008 1.16758
534000 401.898 46.5679 1.16679
535000 399.515 2067.25 1.16419
536000 397.534 -396.102 1.15639
537000 395.096 1695.89 1.16742
538000 403.161 2240.68 1.15791
539000 404.286 371.431 1.15968
540000 399.508 -1447.61 1.16329
541000 390.513 -984.409 1.15099
542000 402.488 -2105.4 1.15007
543000 402.592 -1489.49 1.15406
544000 406.73 898.476 1.15972
545000 397.923 -1885.39 1.15754
546000 396.639 -1198 1.14881
547000 401.063 1160.45 1.16947
548000 400.962 989.769 1.15619
549000 404.741 -1662.79 1.15436
550000 392.943 1604.21 1.15363
551000 398.568 2185.19 1.15805
552000 395.225 -1312.23 1.16586
553000 408.645 -339.696 1.16995
554000 404.817 -2344.61 1.14367
555000 402.487 -210.711 1.15957
556000 383.523 -1033.85 1.16069
557000 389.76 1399.04 1.1517
558000 397.95 659.843 1.15789
559000 392.044 1214.52 1.16484
560000 400.617 -1084.68 1.1484
561000 388.723 322.465 1.15445
562000 389.945 -948.986 1.16053
563000 398.726 1375.21 1.15312
564000 397.939 107.863 1.1611
565000 395.024 -542.825 1.17227
566000 393.788 -3269.82 1.16034
567000 386.379 -2476.69 1.15434
568000 392.888 1282.76 1.16734
569000 390.426 -223.203 1.15846
570000 397.479 364.306 1.15669
571000 398.444 1025.14 1.16199
572000 397.427 2335.29 1.15887
573000 388.304 602.155 1.16232
574000 392.227 324.95 1.15282
575000 385.597 1337.49 1.16428
576000 397.199 3485.44 1.1641
577000 398.787 1930.62 1.16151
578000 394.306 1769.2 1.17809
579000 393.686 587.178 1.15383
580000 386.737 -1596.25 1.1509
581000 386.415 -397.698 1.16572
582000 392.541 1587.29 1.15907
583000 381.448 2476.46 1.16242
584000 384.676 -690.1 1.16004
585000 379.325 1362.99 1.15494
586000 385.979 -399.466 1.16848
587000 395.806 -1601.36 1.17294
588000 395.081 685.964 1.16025
589000 378.182 1334.37 1.15733
590000 393.212 1373.02 1.1765
591000 386.21 172.147 1.15679
592000 385.454 1177.93 1.16869
593000 396.772 1118.49 1.17409
594000 386.317 2377.42 1.16098
595000 387.822 1018.28 1.16022
596000 388.811 71.4016 1.16261
597000 398.474 -1047.21 1.16671
598000 385.111 -1489.36 1.162
599000 383.937 -912.086 1.16246
600000 384.351 -307.007 1.16116
601000 392.049 997.568 1.16809
602000 388.969 -744.951 1.16905
603000 385.355 669.1 1.16344
604000 385.567 -1020.07 1.16878
605000 385.703 890.854 1.17709
606000 390.037 -2163.98 1.15867
607000 392.389 -1019.55 1.17094
608000 383.885 584.089 1.18774
609000 385.919 -1040.52 1.15431
610000 382.955 2047.64 1.16742
611000 387.842 -882.656 1.16189
612000 381.961 66.6758 1.15958
613000 382.318 -1468.59 1.16305
614000 379.144 630.576 1.16704
615000 390.636 -63.1831 1.17
616000 391.321 -2913.03 1.16052
617000 385.819 966.591 1.18337
618000 378.34 -1064.16 1.16587
619000 376.641 -509.487 1.17546
620000 381.063 399.611 1.17269
621000 382.846 -1218.29 1.17335
622000 383.429 -424.168 1.17206
623000 384.936 -699.302 1.16369
624000 388.199 637.811 1.18291
625000 378.661 1570.61 1.17613
626000 382.142 1583.29 1.17005
627000 377.945 -1305.13 1.17118
628000 388.362 -230.132 1.1613
629000 387.611 233.187 1.17396
630000 382.245 -1395.09 1.16819
631000 381.905 -1176.78 1.14561
632000 382.725 2362.32 1.16619
633000 385.161 2084.16 1.17315
634000 376.009 1361.38 1.16049
635000 382.989 1682.37 1.17044
636000 388.494 715.465 1.16654
637000 374.588 775.026 1.16465
638000 377.859 -1219.9 1.15935
639000 380.188 1464.71 1.14878
640000 388.505 -89.2755 1.16226
641000 382.221 2037.98 1.16387
642000 384.5 468.171 1.15172
643000 383.686 11.9486 1.16092
644000 383.654 -1885.12 1.16874
645000 383.551 -1403.92 1.1504
646000 383.382 921.672 1.17065
647000 383.49 780.206 1.16143
648000 380.308 663.305 1.16215
649000 373.718 793.562 1.15792
650000 386.48 962.942 1.16901
651000 386.023 -677.772 1.16574
652000 375.812 2611.28 1.15951
653000 385.364 1206.53 1.16482
654000 378.624 2033.41 1.16664
655000 376.427 -853.886 1.16202
656000 374.431 -1419.73 1.165
657000 384.199 1047.51 1.17383
658000 377.419 -136.639 1.1526
659000 386.887 -2388.25 1.1608
660000 381.129 397.035 1.16209
661000 371.713 -528.764 1.16166
662000 368.301 1466.11 1.16346
663000 372.619 981.279 1.16983
664000 383.305 -2205.43 1.17894
665000 380.291 77.7568 1.15373
666000 375.103 1897.02 1.16576
667000 373.296 317.045 1.17282
668000 378.811 1770.65 1.17132
669000 374.286 196.23 1.17221
670000 373.219 423.311 1.16679
671000 379.397 -1128.9 1.15647
672000 377.155 1288.94 1.16189
673000 367.059 -923.065 1.15929
674000 363.066 1253.54 1.17485
675000 373.214 216.998 1.16782
676000 370.901 -1343.09 1.15048
677000 387.038 461.478 1.17394
678000 372.177 -443.296 1.17471
679000 371.757 -668.497 1.16595
680000 376.448 1119.4 1.15016
681000 377.603 5.97112 1.15253
682000 383.026 2650.04 1.17549
683000 379.219 2932.54 1.15324
684000 373.868 9.1884 1.16066
685000 371.616 1554.33 1.18401
686000 378.237 -2419.6 1.1636
687000 374.014 -1920.02 1.17949
688000 370.947 -1167.17 1.17518
689000 365.636 -1134.13 1.16007
690000 372.504 -346.419 1.16472
691000 369.36 1486.85 1.17174
692000 368.997 -242.132 1.16181
693000 366.663 -699.214 1.17132
694000 375.722 2519.87 1.17842
695000 378.784 -1678.2 1.17211
696000 369.86 101.397 1.16157
697000 370.871 -2479.17 1.16356
698000 375.031 -1745.25 1.16913
699000 363.174 1220.94 1.1714
700000 368.032 672.864 1.1591
701000 367.607 1872.73 1.16973
702000 360.043 -1747.19 1.16678
703000 367.174 2945.19 1.17001
704000 370.097 572.659 1.16772
705000 368.385 -478.049 1.17084
706000 364.516 1015.09 1.16944
707000 370.313 850.649 1.16437
708000 369.214 1445.59 1.16469
709000 367.22 1686.94 1.18305
710000 368.548 -1918 1.16389
711000 367.566 2301 1.17972
712000 366.884 2196.39 1.16583
713000 373.588 -380.925 1.14875
714000 359.34 -142.204 1.16837
715000 366.295 -2030.1 1.16408
716000 361.982 561.053 1.16998
717000 361.379 -574.763 1.18091
718000 357.829 -1231.77 1.16104
719000 361.369 335.622 1.16624
720000 364.476 2832.63 1.17976
721000 363.343 -1238.63 1.16295
722000 359.883 531.633 1.16382
723000 364.34 416.884 1.17438
724000 374.535 -139.131 1.15894
725000 371.575 -832.195 1.15412
726000 364.466 3861.64 1.18625
727000 363.529 -1898.66 1.16801
728000 360.059 -315.983 1.16631
729000 358.823 -454.373 1.16504
730000 361.608 -137.025 1.17321
731000 365.768 1016.91 1.16269
732000 363.681 -9.2102 1.16558
733000 359.488 -1067.69 1.17513
734000 354.585 711.544 1.15944
735000 356.465 117.999 1.17003
736000 367.974 388.732 1.17305
737000 371.184 1412.64 1.15913
738000 366.457 1110.88 1.18219
739000 358.901 1195.78 1.1704
740000 356.719 470.583 1.16166
741000 361.313 1775.42 1.17565
742000 358.424 1928.43 1.17648
743000 362.375 680.83 1.1643
744000 356.16 1405.15 1.17185
745000 352.808 1732.78 1.17945
746000 353.33 -1640.34 1.16741
747000 365.321 183.923 1.17357
748000 368.385 2089.02 1.1806
749000 365.335 -751.21 1.17327
750000 364.045 140.808 1.17753
751000 359.842 450.783 1.18523
752000 351.091 194.054 1.17605
753000 360.613 2252.23 1.15558
754000 355.789 68.5187 1.1729
755000 358.642 2087.11 1.16772
756000 365.624 2108.55 1.16912
757000 358.821 -1156.42 1.17231
758000 356.271 -976.316 1.16412
759000 361.934 859.125 1.17213
760000 354.036 496.016 1.17781
761000 350.469 314.413 1.16153
762000 352.821 910.26 1.17219
763000 362.697 -149.972 1.18128
764000 357.984 -280.014 1.17294
765000 357.331 -1227.81 1.17095
766000 354.217 3406.92 1.18284
767000 351.345 1401 1.16765
768000 356.995 1514.91 1.17717
769000 349.716 1697.08 1.18573
770000 354.638 -1898.81 1.17365
771000 355.261 -1336.19 1.16678
772000 356.646 527.697 1.17411
773000 359.95 -837.856 1.17813
774000 355.812 -876.091 1.18412
775000 365.309 1078.88 1.17247
776000 352.991 -911.414 1.17233
777000 349.403 -412.597 1.16718
778000 357.122 -1701.07 1.17743
779000 358.046 -575.966 1.17442
780000 353.242 -841.113 1.16856
781000 358.939 -524.549 1.17149
782000 361.054 2853.9 1.17606
783000 357.42 616.668 1.18282
784000 361.295 1247.67 1.18216
785000 350.8 -1.82799 1.17661
786000 354.182 -851.649 1.17844
787000 351.718 -97.5105 1.1799
788000 345.073 -160.437 1.18149
789000 356.179 -482.598 1.17164
790000 349.614 -3308.74 1.17442
791000 359.739 126.487 1.1732
792000 357.345 -70.5094 1.17614
793000 350.891 1295.8 1.18204
794000 351.214 522.145 1.17738
795000 352.043 1328.14 1.1716
796000 347.721 1444.46 1.18391
797000 354.611 -1354.03 1.17939
798000 352.777 822.479 1.16744
799000 351.091 24.3302 1.16289
800000 358.852 -1822.06 1.17464
801000 350.849 -937.343 1.17855
802000 349.938 -289.047 1.17797
803000 349.785 -1439.52 1.18029
804000 351.893 1665.14 1.17738
805000 349.519 -558.796 1.17595
806000 344.621 584.659 1.17266
807000 361.658 1751.93 1.18615
808000 363.332 1061.7 1.18808
809000 346.004 300.601 1.17503
810000 336.882 -1071.05 1.18462
811000 349.046 1106.1 1.17732
812000 354.021 659.918 1.1833
813000 348.452 -1716.93 1.18628
814000 343.353 594.964 1.18486
815000 346.77 233.26 1.18464
816000 344.044 -1745.39 1.18126
817000 353.702 -1312.79 1.17777
818000 348.749 705.498 1.19528
819000 342.326 -1871.87 1.17067
820000 343.833 853.973 1.19207
821000 352.815 1139.16 1.18226
822000 343.422 214.392 1.17288
823000 347.556 1257.7 1.18221
824000 332.534 2301.45 1.1822
825000 348.734 -373.842 1.18815
826000 357.001 -862.783 1.1751
827000 349.468 -1534.09 1.18831
828000 350.701 -826.575 1.18412
829000 351.009 1776.94 1.18261
830000 344.456 -380.238 1.17487
831000 348.113 -2196.47 1.18397
832000 349.146 1870.53 1.18689
833000 345.246 842.236 1.18966
834000 351.048 376.345 1.19099
835000 345.629 -1470.43 1.18463
836000 339.876 -810.166 1.18138
837000 345.325 -579.911 1.19403
838000 351.514 -182.343 1.18275
839000 350.237 11.4253 1.16681
840000 343.649 2030.45 1.19197
841000 341.519 -203.655 1.1834
842000 349.531 1715.56 1.18602
843000 345.404 -130.602 1.18705
844000 345.106 1929.61 1.19585
845000 338.68 -100.144 1.19298
846000 337.981 258.543 1.18795
847000 340.813 -614.123 1.19087
848000 332.687 2830.64 1.18495
849000 343.673 449.726 1.18558
850000 342.581 1105.53 1.18732
851000 345.035 -2469.94 1.19236
852000 342.873 -864.525 1.18976
853000 340.443 -460.334 1.18488
854000 339.866 1638.63 1.19075
855000 346.463 1200.38 1.19388
856000 338.749 345.636 1.19656
857000 337.034 797.347 1.19042
858000 338.403 -1594.66 1.18345
859000 337.846 -1211.06 1.194
860000 348.977 1251.9 1.19582
861000 328.941 -1767.73 1.18621
862000 334.561 -112.766 1.18529
863000 334.985 169.947 1.19166
864000 337.696 -2903.88 1.19331
865000 341.386 1666.03 1.19024
866000 342.654 2197.81 1.19655
867000 338.734 -1585.57 1.19546
868000 334.144 759.324 1.19392
869000 345.37 -67.4753 1.20217
870000 341.008 1054.99 1.19313
871000 335.719 1190.55 1.19956
872000 330.536 2341.01 1.19747
873000 341.193 -1422.29 1.18501
874000 331.376 -738.717 1.20167
875000 337.973 640.176 1.19566
876000 332.406 1250.96 1.19838
877000 334.68 1791.41 1.20781
878000 341.836 724.541 1.17951
879000 334.159 311.561 1.17932
880000 332.207 1461.49 1.20172
881000 335.618 724.365 1.19243
882000 336.863 -2875.46 1.18737
883000 338.432 -1576.28 1.20546
884000 337.423 374.206 1.19462
885000 336.088 -3371.35 1.18588
886000 341.236 -639.592 1.21069
887000 336.453 -2289.04 1.18717
888000 326.571 1413.95 1.19285
889000 334.285 -596.182 1.18618
890000 337.37 -1186.94 1.19219
891000 334.722 140.077 1.20333
892000 338.405 -403.443 1.18765
893000 340.481 2218.99 1.18875
894000 337.941 -48.6195 1.19931
895000 341.089 -1235.64 1.19972
896000 335.434 1479.8 1.20386
897000 333.186 -1374.59 1.18805
898000 331.2 2139.56 1.19924
899000 333.234 -219.177 1.19847
900000 327.335 2139.68 1.19914
901000 328.314 -255.866 1.18906
902000 333.905 -223.354 1.1946
903000 337.551 -743.548 1.20533
904000 327.336 -563.322 1.19646
905000 333.577 558.177 1.20363
906000 328.524 540.994 1.19963
907000 333.517 1155.91 1.19635
908000 331.813 -1034.46 1.19108
909000 339.302 1889.85 1.18946
910000 325.6 -515.291 1.20015
911000 324.696 805.772 1.19642
912000 329.74 263.673 1.20842
913000 330.43 456.614 1.20083
914000 326.692 475.434 1.19901
915000 332.429 -613.073 1.1858
916000 328.787 1489.67 1.20285
917000 328.884 660.109 1.20154
918000 329.429 -519.788 1.19786
919000 326.059 1773.05 1.18462
920000 328.781 2262.36 1.20373
921000 323.482 288.313 1.19777
922000 321.34 -1470.07 1.18727
923000 326.849 1966.94 1.20392
924000 323.437 -377.368 1.19685
925000 333.735 -690.53 1.19971
926000 332.041 275.135 1.21027
927000 326.919 -658.378 1.19673
928000 324.781 278.218 1.20806
929000 332.591 -106.495 1.198
930000 324.539 -1799.59 1.18615
931000 326.544 1229.4 1.2072
932000 329.501 -84.8473 1.20401
933000 322.732 562.899 1.19828
934000 326.423 318.748 1.20701
935000 327.652 -1291.99 1.20548
936000 323.167 -573.292 1.19103
937000 323.226 317.963 1.20482
938000 325.641 -404.368 1.20519
939000 331.32 1336.48 1.20348
940000 319.736 -1840.47 1.20509
941000 322.928 1502.51 1.20461
942000 331.119 225.784 1.1981
943000 321.929 1087.01 1.20094
944000 322.253 262.849 1.20323
945000 320.048 2096.57 1.2064
946000 321.672 533.205 1.20032
947000 329.038 2626.82 1.19364
948000 331.599 1437.97 1.20629
949000 322.552 -2234.28 1.19266
950000 319.316 -339.342 1.2006
951000 315.458 743.98 1.20054
952000 322.661 2318.66 1.19908
953000 323.904 302.669 1.21505
954000 319.441 867.052 1.20947
955000 325.027 105.958 1.20035
956000 320.764 1005.77 1.19511
957000 327.017 1419.73 1.20509
958000 320.876 -1096.31 1.19559
959000 312.478 -1192.73 1.21053
960000 320.115 -1891.09 1.20614
961000 316.579 -285.932 1.19824
962000 319.585 1915.23 1.19976
963000 324.978 341.259 1.21178
964000 317.749 282.519 1.20235
965000 315.782 1971.86 1.20966
966000 316.604 -1545.34 1.2
967000 326.195 -1109.65 1.1971
968000 314.579 730.159 1.21331
969000 317.275 1822.2 1.20553
970000 319.05 -1200.25 1.20479
971000 316.122 -2410.92 1.19461
972000 318.732 -743.582 1.20263
973000 319.666 -668.02 1.19133
974000 307.388 850.566 1.20512
975000 316.571 -143.514 1.20717
976000 319.724 -976.077 1.19518
977000 317.386 2364.8 1.20059
978000 324.128 889.833 1.19716
979000 320.315 -1260.65 1.19697
980000 319.059 -751.947 1.2101
981000 313.038 1524.4 1.19886
982000 317.505 -568.041 1.20076
983000 317.517 461.62 1.20948
984000 316.063 -183.272 1.19465
985000 314.123 697.192 1.20352
986000 310.972 -1014.34 1.20504
987000 310.335 25.5392 1.19759
988000 311.454 1864.43 1.21249
989000 315.514 766.987 1.20189
990000 314.442 1334.58 1.2053
991000 310.42 -1175.66 1.20183
992000 307.9 1362.6 1.19892
993000 305.803 -1297.05 1.20846
994000 317.027 -181.096 1.21079
995000 318.263 2448.68 1.20602
996000 308.213 2371.34 1.20378
997000 318.127 497.851 1.2071
998000 313.399 438.143 1.2016
999000 310.266 1699.95 1.20666
1000000 307.228 -693.918 1.2057
